0.0373807 5.20073 174.064 0.0169181
0.0373682 5.19873 174.065 0.0169072
0.0373551 5.19659 174.065 0.0168952
0.0373574 5.197 174.065 0.0168975
0.0373488 5.19559 174.065 0.0168897
0.0373405 5.19422 174.065 0.016882
0.0373264 5.19043 173.965 0.0168817
0.0373385 5.1939 174.065 0.0168802
0.0373379 5.19379 174.065 0.0168796
0.0373251 5.19022 173.965 0.0168805
0.0373228 5.18986 173.965 0.0168786
0.0373081 5.18747 173.965 0.0168653
0.0373077 5.1874 173.965 0.0168649
0.0373075 5.18736 173.965 0.0168647
0.0373046 5.18691 173.965 0.0168622
0.0372998 5.18617 173.965 0.0168583
0.0372946 5.18527 173.965 0.0168532
0.0372736 5.18041 173.865 0.016847
0.0372735 5.18039 173.865 0.0168469
0.0372743 5.18052 173.865 0.0168476
0.0372734 5.18038 173.865 0.0168469
0.037273 5.18031 173.865 0.0168465
0.0372694 5.1797 173.865 0.0168429
0.0372669 5.17929 173.865 0.0168407
0.0372601 5.17815 173.865 0.0168341
0.0372598 5.17809 173.865 0.0168338
0.0372538 5.17719 173.865 0.0168291
0.0372538 5.17719 173.865 0.0168291
0.0372534 5.17712 173.865 0.0168287
0.037237 5.17446 173.866 0.0168139
0.0372359 5.17428 173.866 0.0168128
0.0372359 5.17428 173.866 0.0168128
0.0372349 5.17411 173.866 0.0168119
0.0372414 5.17516 173.866 0.0168176
0.0372332 5.17236 173.766 0.0168228
0.0372334 5.1724 173.766 0.016823
0.0372339 5.17248 173.766 0.0168235
0.0372569 5.17618 173.765 0.0168441
0.0372585 5.17645 173.765 0.0168457
0.0372561 5.17605 173.765 0.0168434
0.037254 5.1757 173.765 0.0168414
0.0372429 5.17391 173.766 0.0168315
0.0372436 5.17403 173.766 0.0168322
0.0372437 5.17405 173.766 0.0168323
0.0372441 5.17408 173.766 0.0168324
0.0372463 5.1744 173.766 0.016834
0.0372508 5.17517 173.766 0.0168385
0.037251 5.17521 173.766 0.0168387
0.0372511 5.17522 173.766 0.0168388
0.0372413 5.17364 173.766 0.01683
0.0372293 5.17168 173.766 0.0168188
0.0372095 5.167 173.666 0.0168138
0.0372039 5.16603 173.666 0.0168083
0.0372035 5.16596 173.666 0.0168079
0.0372056 5.16633 173.666 0.01681
0.0372021 5.16571 173.666 0.0168063
0.0371939 5.16452 173.666 0.0168001
0.0371938 5.16451 173.666 0.0168
0.0372008 5.16557 173.666 0.0168058
0.0372062 5.16643 173.666 0.0168105
0.037204 5.16604 173.666 0.0168083
0.0371929 5.16435 173.666 0.0167991
0.0371926 5.1643 173.666 0.0167988
0.037192 5.1642 173.666 0.0167982
0.0371894 5.16374 173.666 0.0167955
0.0371914 5.16409 173.666 0.0167975
0.0371908 5.16398 173.666 0.0167969
0.0371906 5.16394 173.666 0.0167967
0.0371794 5.16211 173.666 0.0167865
0.0371793 5.16209 173.666 0.0167864
0.0371778 5.16181 173.666 0.0167846
0.0371777 5.16179 173.666 0.0167845
0.0371775 5.16176 173.666 0.0167843
0.037177 5.16167 173.666 0.0167838
0.0371571 5.15854 173.666 0.0167667
0.0371556 5.15828 173.666 0.0167652
0.0371408 5.1544 173.566 0.0167643
0.0371014 5.14804 173.567 0.0167289
0.0370895 5.14612 173.567 0.0167183
0.0370767 5.14407 173.567 0.0167068
0.0370734 5.1435 173.567 0.0167036
0.0370689 5.14279 173.567 0.0166997
0.0370491 5.13961 173.567 0.0166823
0.0370454 5.139 173.567 0.0166787
0.0370458 5.13907 173.567 0.0166791
0.0370487 5.13954 173.567 0.0166818
0.0370469 5.13923 173.567 0.01668
0.0370471 5.13927 173.567 0.0166802
0.0370477 5.13937 173.567 0.0166808
0.0370477 5.13937 173.567 0.0166808
0.0370399 5.13661 173.467 0.0166861
0.0370376 5.13626 173.467 0.0166843
0.0370403 5.13669 173.467 0.0166865
0.0370421 5.13696 173.467 0.016688
0.0370543 5.13892 173.467 0.0166986
0.0370593 5.13972 173.467 0.0167031
0.0370577 5.13951 173.467 0.016702
0.0370565 5.1393 173.467 0.0167008
0.0370568 5.13935 173.467 0.0167012
0.0370534 5.13877 173.467 0.0166978
0.0370398 5.13509 173.367 0.0166979
0.0370354 5.13439 173.367 0.0166943
0.0370323 5.13386 173.367 0.0166912
0.0370317 5.1338 173.367 0.0166909
0.0370187 5.13171 173.367 0.0166794
0.0370108 5.13039 173.367 0.0166719
0.0370045 5.12943 173.367 0.0166666
0.0370009 5.12885 173.367 0.0166633
0.0369991 5.12854 173.367 0.0166616
0.036989 5.12691 173.367 0.0166527
0.0369894 5.12697 173.367 0.0166531
0.0369737 5.12446 173.368 0.016639
0.0369718 5.12415 173.368 0.0166372
0.0369705 5.12392 173.368 0.0166359
0.0369671 5.12338 173.368 0.0166329
0.0369666 5.1233 173.368 0.0166325
0.0369664 5.12327 173.368 0.0166323
0.036965 5.12303 173.368 0.0166309
0.0369656 5.12312 173.368 0.0166314
0.0369497 5.11905 173.268 0.0166292
0.0369289 5.11574 173.268 0.016611
0.0369288 5.11573 173.268 0.0166109
0.0369287 5.11571 173.268 0.0166108
0.0369246 5.11505 173.268 0.0166072
0.0369246 5.11505 173.268 0.0166072
0.0369213 5.1145 173.268 0.0166041
0.0369212 5.11449 173.268 0.016604
0.0369227 5.11475 173.268 0.0166055
0.0369234 5.11484 173.268 0.016606
0.0369233 5.11483 173.268 0.0166059
0.0369241 5.11497 173.268 0.0166067
0.0369141 5.11338 173.268 0.016598
0.0369139 5.11335 173.268 0.0165978
0.0369123 5.11308 173.268 0.0165961
0.0369157 5.11362 173.268 0.0165992
0.0369153 5.11357 173.268 0.0165989
0.0369022 5.10996 173.168 0.0165993
0.0368961 5.109 173.168 0.016594
0.0368889 5.10779 173.168 0.0165871
0.036855 5.1024 173.168 0.0165572
0.036855 5.1024 173.168 0.0165572
0.0368535 5.10216 173.168 0.0165558
0.0368534 5.10214 173.168 0.0165557
0.0368534 5.10214 173.168 0.0165557
0.0368533 5.10212 173.168 0.0165556
0.0368377 5.09955 173.169 0.016541
0.0368397 5.0999 173.169 0.016543
0.0368225 5.09712 173.169 0.0165277
0.0368256 5.09767 173.169 0.016531
0.0368131 5.09419 173.069 0.0165321
0.0368083 5.09335 173.069 0.0165273
0.0368036 5.09264 173.069 0.0165233
0.0367979 5.09171 173.069 0.0165181
0.036819 5.09504 173.069 0.0165366
0.0368191 5.09506 173.069 0.0165367
0.0368194 5.09511 173.069 0.016537
0.0368305 5.09698 173.069 0.0165476
0.0368396 5.09843 173.069 0.0165555
0.0368425 5.09887 173.069 0.016558
0.0368424 5.09886 173.069 0.0165579
0.0368428 5.09893 173.069 0.0165583
0.0368476 5.09964 173.069 0.0165619
0.0368401 5.09852 173.069 0.016556
0.0368403 5.09854 173.069 0.0165561
0.0368431 5.09898 173.069 0.0165586
0.0368444 5.09914 173.069 0.0165593
0.0368512 5.10028 173.069 0.0165659
0.0368536 5.1007 173.069 0.0165683
0.0368581 5.10137 173.068 0.0165719
0.0368622 5.10201 173.068 0.0165754
0.0368625 5.10207 173.068 0.0165757
0.0368625 5.10207 173.068 0.0165757
0.0368563 5.09961 172.969 0.0165827
0.0368789 5.1032 172.968 0.0166027
0.0368777 5.10304 172.968 0.0166019
0.0368754 5.10264 172.968 0.0165996
0.0368725 5.10223 172.968 0.0165975
0.036886 5.10437 172.968 0.0166093
0.0368943 5.10573 172.968 0.0166169
0.0369058 5.10756 172.968 0.0166271
0.0369066 5.10765 172.968 0.0166274
0.0369073 5.10777 172.968 0.016628
0.0369106 5.10831 172.968 0.0166312
0.0369106 5.10831 172.968 0.0166312
0.0369038 5.10575 172.868 0.0166376
0.0369132 5.10724 172.868 0.0166459
0.0369151 5.10753 172.868 0.0166475
0.0369153 5.10757 172.868 0.0166477
0.0369159 5.10771 172.868 0.0166487
0.0369205 5.10843 172.868 0.0166527
0.036923 5.10883 172.868 0.0166548
0.0369223 5.10873 172.868 0.0166543
0.0369208 5.10848 172.868 0.016653
0.0369207 5.10846 172.868 0.0166529
0.0369181 5.10808 172.868 0.0166509
0.0369085 5.10647 172.868 0.0166416
0.0369087 5.1065 172.868 0.0166417
0.0369095 5.10663 172.868 0.0166424
0.0369084 5.10646 172.868 0.0166415
0.036908 5.10639 172.868 0.0166411
0.0369062 5.10617 172.868 0.01664
0.0368884 5.10177 172.768 0.0166359
0.0368846 5.10117 172.768 0.0166326
0.0368851 5.10125 172.768 0.0166331
0.036889 5.10188 172.768 0.0166365
0.0368945 5.10273 172.768 0.0166412
0.0368784 5.10019 172.769 0.0166272
0.0368771 5.09996 172.769 0.0166258
0.0368771 5.09996 172.769 0.0166258
0.0368768 5.09991 172.769 0.0166255
0.0368708 5.09896 172.769 0.0166203
0.036865 5.09803 172.769 0.0166152
0.0368648 5.09799 172.769 0.016615
0.0368645 5.09794 172.769 0.0166147
0.0368643 5.09791 172.769 0.0166145
0.0368622 5.09759 172.769 0.0166127
0.0368611 5.09741 172.769 0.0166117
0.0368652 5.09805 172.769 0.0166153
0.0368751 5.09815 172.669 0.0166363
0.0368744 5.09803 172.669 0.0166356
0.0368729 5.0978 172.669 0.0166344
0.0368741 5.09798 172.669 0.0166353
0.03688 5.09893 172.669 0.0166408
0.0368784 5.09872 172.669 0.0166396
0.0368774 5.09855 172.669 0.0166386
0.0368774 5.09853 172.669 0.0166384
0.0368761 5.09832 172.669 0.0166373
0.0368756 5.09824 172.669 0.0166368
0.0368757 5.09825 172.669 0.0166369
0.0368755 5.09822 172.669 0.0166367
0.0368756 5.09823 172.669 0.0166368
0.0368764 5.09837 172.669 0.0166376
0.0368772 5.0985 172.669 0.0166382
0.0368901 5.10059 172.669 0.0166503
0.036899 5.10199 172.668 0.0166577
0.0369026 5.10256 172.668 0.0166609
0.0369023 5.10252 172.668 0.0166607
0.036902 5.10247 172.668 0.0166604
0.036902 5.10247 172.668 0.0166604
0.0369015 5.10238 172.668 0.0166599
0.0369015 5.10238 172.668 0.0166599
0.0368984 5.10038 172.569 0.0166694
0.0368993 5.10052 172.569 0.0166702
0.0368924 5.09941 172.569 0.0166638
0.0369026 5.10107 172.568 0.0166732
0.0369054 5.1015 172.568 0.0166757
0.0369234 5.10439 172.568 0.0166919
0.036923 5.10432 172.568 0.0166915
0.0369228 5.10429 172.568 0.0166913
0.0369273 5.10504 172.568 0.0166954
0.0369269 5.10497 172.568 0.0166952
0.0369268 5.10495 172.568 0.0166951
0.0369159 5.1017 172.468 0.0166973
0.0369406 5.10567 172.468 0.0167198
0.0369451 5.10637 172.468 0.0167236
0.0369453 5.10641 172.468 0.0167238
0.0369522 5.10753 172.468 0.0167301
0.0369525 5.10758 172.468 0.0167304
0.0369548 5.10794 172.468 0.0167324
0.0369684 5.11011 172.468 0.0167445
0.0369684 5.11011 172.468 0.0167445
0.0369529 5.10764 172.468 0.0167307
0.0369361 5.10346 172.368 0.0167281
0.0369335 5.10303 172.368 0.0167256
0.0369336 5.10304 172.368 0.0167256
0.0369342 5.10314 172.368 0.0167262
0.036934 5.10311 172.368 0.016726
0.0369335 5.10302 172.368 0.0167255
0.0369299 5.10247 172.368 0.0167225
0.0369387 5.10386 172.368 0.0167302
0.0369524 5.10607 172.368 0.0167428
0.0369475 5.10525 172.368 0.0167381
0.0369812 5.11068 172.368 0.0167686
0.0369811 5.11066 172.368 0.0167685
0.0369804 5.11058 172.368 0.0167681
0.0369789 5.11032 172.368 0.0167666
0.0369884 5.11184 172.368 0.0167751
0.0369724 5.10778 172.268 0.0167732
0.0369743 5.10808 172.268 0.0167747
0.0369847 5.10965 172.268 0.0167832
0.0369895 5.11049 172.268 0.0167882
0.0369895 5.11049 172.268 0.0167882
0.0369928 5.11106 172.268 0.0167916
0.0369927 5.11104 172.268 0.0167915
0.036992 5.11092 172.268 0.0167908
0.036992 5.11092 172.268 0.0167908
0.036992 5.11092 172.268 0.0167908
0.0369919 5.11091 172.268 0.0167907
0.0369974 5.11174 172.268 0.0167952
0.0370009 5.11235 172.268 0.0167987
0.0370019 5.11252 172.268 0.0167997
0.0370036 5.11282 172.268 0.0168014
0.0370108 5.11382 172.268 0.0168067
0.0370167 5.11484 172.268 0.0168126
0.0370146 5.11304 172.168 0.0168233
0.0370229 5.11433 172.168 0.0168306
0.03703 5.11544 172.168 0.0168367
0.0370297 5.1154 172.168 0.0168364
0.0370319 5.11577 172.168 0.0168386
0.0370312 5.11565 172.168 0.0168379
0.037039 5.11694 172.168 0.0168453
0.0370377 5.11672 172.168 0.016844
0.0370401 5.11712 172.168 0.0168463
0.0370553 5.11953 172.168 0.0168597
0.0370527 5.11912 172.168 0.0168575
0.0370549 5.11945 172.168 0.0168593
0.0370534 5.11924 172.168 0.0168582
0.0370558 5.1196 172.168 0.0168602
0.0370546 5.11943 172.168 0.0168592
0.0370707 5.12201 172.168 0.0168737
0.0370703 5.12194 172.168 0.0168733
0.0370703 5.12194 172.168 0.0168733
0.0370695 5.1218 172.168 0.0168725
0.0370708 5.12202 172.168 0.0168738
0.0370579 5.11845 172.068 0.0168745
0.0370683 5.12009 172.068 0.0168835
0.0370688 5.12018 172.068 0.016884
0.0370691 5.12023 172.068 0.0168843
0.0370724 5.12075 172.068 0.0168872
0.0370726 5.12078 172.068 0.0168874
0.0370742 5.12104 172.068 0.016889
0.0370763 5.12138 172.068 0.0168909
0.0370907 5.12369 172.068 0.0169039
0.0370904 5.12365 172.068 0.0169037
0.0370936 5.12416 172.068 0.0169066
0.037094 5.12421 172.068 0.0169069
0.0370943 5.12425 172.068 0.016907
0.0370988 5.12494 172.068 0.0169109
0.037097 5.12472 172.068 0.0169098
0.0370977 5.12482 172.068 0.0169103
0.0370977 5.12481 172.068 0.0169103
0.0370957 5.1245 172.068 0.0169085
0.0370931 5.12406 172.068 0.0169061
0.0370899 5.12356 172.068 0.0169032
0.0370876 5.12317 172.068 0.0169009
0.0370961 5.12456 172.068 0.0169088
0.0371012 5.12384 171.968 0.0169256
0.0371036 5.12423 171.968 0.0169279
0.0371034 5.12419 171.968 0.0169277
0.0371079 5.12491 171.968 0.0169317
0.0371082 5.12496 171.968 0.016932
0.0371088 5.12506 171.968 0.0169326
0.0371094 5.12517 171.968 0.0169332
0.0371211 5.12704 171.967 0.0169437
0.0371382 5.12977 171.967 0.0169588
0.0371631 5.13375 171.967 0.0169812
0.0371703 5.13489 171.967 0.0169875
0.0371738 5.13545 171.967 0.0169907
0.0371803 5.13648 171.967 0.0169966
0.0371803 5.13648 171.967 0.0169966
0.0371807 5.13655 171.967 0.016997
0.0371919 5.13832 171.967 0.0170068
0.0371814 5.13515 171.867 0.01701
0.0371815 5.13518 171.867 0.0170103
0.0371811 5.1351 171.867 0.0170097
0.0371774 5.13447 171.867 0.0170061
0.0371786 5.13467 171.867 0.0170073
0.0371775 5.13449 171.867 0.0170063
0.0371768 5.1344 171.867 0.0170058
0.0371764 5.13433 171.867 0.0170054
0.037176 5.13426 171.867 0.017005
0.0371726 5.13376 171.867 0.0170022
0.0371725 5.13374 171.867 0.0170021
0.0371718 5.13363 171.867 0.0170015
0.037178 5.13456 171.867 0.0170066
0.0371769 5.13442 171.867 0.0170059
0.0371868 5.13603 171.867 0.0170149
0.0371988 5.13796 171.867 0.0170258
0.037196 5.13749 171.867 0.017023
0.0372217 5.14157 171.867 0.017046
0.0372248 5.1421 171.867 0.017049
0.0372267 5.14244 171.867 0.017051
0.0372373 5.14408 171.867 0.0170601
0.0372442 5.14519 171.867 0.0170666
0.0372422 5.14487 171.867 0.0170648
0.0372761 5.14877 171.767 0.0171075
0.0373046 5.15333 171.766 0.0171333
0.0373218 5.15604 171.766 0.0171482
0.0373219 5.15605 171.766 0.0171483
0.0373213 5.15595 171.766 0.0171477
0.03732 5.15578 171.766 0.017147
0.0373188 5.1556 171.766 0.017146
0.0373232 5.15628 171.766 0.0171496
0.0373545 5.16132 171.766 0.0171782
0.0373565 5.16162 171.766 0.0171799
0.0373622 5.16252 171.766 0.0171847
0.0373488 5.15883 171.666 0.017185
0.0373593 5.16053 171.666 0.0171946
0.0373602 5.16066 171.666 0.0171953
0.0373602 5.16066 171.666 0.0171953
0.0373716 5.1625 171.666 0.0172058
0.0373738 5.16283 171.666 0.0172075
0.0373712 5.16244 171.666 0.0172054
0.0373834 5.16437 171.666 0.0172162
0.0373792 5.1637 171.666 0.0172126
0.0373801 5.16385 171.666 0.0172135
0.0374001 5.16701 171.666 0.017231
0.0374083 5.16836 171.666 0.0172387
0.0374081 5.16832 171.666 0.0172385
0.0374087 5.16842 171.666 0.0172391
0.0374279 5.17145 171.666 0.017256
0.0374283 5.17152 171.666 0.0172564
0.0374193 5.16854 171.566 0.0172609
0.0373967 5.16497 171.566 0.0172408
0.0374081 5.16685 171.566 0.0172516
0.0374111 5.16729 171.566 0.0172538
0.0374111 5.16729 171.566 0.0172538
0.0374017 5.16576 171.566 0.0172453
0.0374035 5.16606 171.566 0.017247
0.0374035 5.16606 171.566 0.017247
0.0374036 5.16608 171.566 0.0172471
0.0374021 5.16582 171.566 0.0172457
0.0374024 5.16588 171.566 0.017246
0.0374015 5.16574 171.566 0.0172452
0.0374078 5.1668 171.566 0.0172513
0.0374078 5.1668 171.566 0.0172513
0.0374082 5.16687 171.566 0.0172517
0.0374083 5.16689 171.566 0.0172518
0.0374083 5.16689 171.566 0.0172518
0.0374085 5.16692 171.566 0.017252
0.0374222 5.16905 171.566 0.0172639
0.0374228 5.16915 171.566 0.0172645
0.0374289 5.17008 171.566 0.0172694
0.0374078 5.16517 171.466 0.0172631
0.0374102 5.16559 171.466 0.0172655
0.0374054 5.16477 171.466 0.0172607
0.0374058 5.16483 171.466 0.0172611
0.0374066 5.16497 171.466 0.0172619
0.0374077 5.16516 171.466 0.017263
0.0374079 5.16519 171.466 0.0172632
0.0374099 5.16555 171.466 0.0172653
0.0374168 5.16661 171.466 0.0172709
0.0374173 5.16668 171.466 0.0172713
0.0374175 5.16671 171.466 0.0172715
0.0374173 5.16668 171.466 0.0172713
0.0374277 5.16833 171.466 0.0172808
0.0374369 5.16984 171.466 0.0172893
0.0374369 5.16984 171.466 0.0172893
0.0374407 5.17044 171.466 0.0172927
0.0374411 5.1705 171.466 0.0172931
0.0374414 5.17055 171.466 0.0172934
0.0374352 5.16953 171.466 0.0172873
0.0374352 5.16953 171.466 0.0172873
0.0374347 5.16944 171.466 0.0172868
0.0374345 5.16941 171.466 0.0172866
0.0374333 5.1692 171.466 0.0172854
0.0374223 5.16756 171.466 0.0172767
0.037422 5.16751 171.466 0.0172764
0.037423 5.16769 171.466 0.0172774
0.0374038 5.16298 171.366 0.0172716
0.0374024 5.16274 171.366 0.0172703
0.0374021 5.16269 171.366 0.01727
0.0374013 5.16255 171.366 0.0172692
0.0374012 5.16253 171.366 0.0172691
0.0374023 5.16273 171.366 0.0172702
0.0374065 5.16344 171.366 0.0172742
0.0374035 5.16292 171.366 0.0172712
0.0374029 5.16282 171.366 0.0172706
0.0374019 5.16265 171.366 0.0172697
0.0373926 5.16117 171.366 0.0172616
0.0373929 5.16123 171.366 0.0172619
0.037393 5.16124 171.366 0.017262
0.0373936 5.16136 171.366 0.0172626
0.0373919 5.16106 171.366 0.0172609
0.0373919 5.16106 171.366 0.0172609
0.0373923 5.16113 171.366 0.0172613
0.037383 5.15973 171.366 0.0172535
0.0373835 5.15978 171.366 0.0172537
0.0373811 5.15943 171.366 0.0172519
0.037382 5.15955 171.366 0.0172524
0.0373595 5.15437 171.266 0.0172443
0.0373581 5.15413 171.266 0.0172429
0.0373562 5.15384 171.266 0.0172413
0.037354 5.15348 171.266 0.0172391
0.0373328 5.15011 171.267 0.0172201
0.0373405 5.15134 171.266 0.017227
0.0373372 5.15084 171.267 0.0172243
0.0373351 5.15048 171.267 0.0172222
0.0373205 5.14812 171.267 0.0172089
0.0373203 5.14809 171.267 0.0172087
0.03732 5.14804 171.267 0.0172084
0.0373192 5.1479 171.267 0.0172076
0.0373201 5.14807 171.267 0.0172086
0.0373217 5.14835 171.267 0.0172103
0.0373252 5.14889 171.267 0.0172134
0.0373249 5.14884 171.267 0.0172131
0.0373252 5.14889 171.267 0.0172134
0.0373256 5.14896 171.267 0.0172138
0.037307 5.14443 171.167 0.0172091
0.037307 5.14443 171.167 0.0172091
0.037308 5.14461 171.167 0.0172103
0.0373084 5.14469 171.167 0.0172107
0.0373024 5.14371 171.167 0.0172051
0.037297 5.14284 171.167 0.0172
0.0372981 5.14299 171.167 0.0172007
0.0372984 5.14304 171.167 0.017201
0.0372985 5.14307 171.167 0.0172012
0.0372805 5.14019 171.167 0.0171851
0.0372674 5.13815 171.167 0.017174
0.037267 5.13809 171.167 0.0171736
0.0372613 5.13713 171.167 0.0171678
0.0372515 5.13558 171.167 0.0171591
0.0372528 5.1358 171.167 0.0171604
0.0372543 5.136 171.167 0.0171613
0.03724 5.13374 171.167 0.0171486
0.0372288 5.132 171.167 0.0171391
0.0372288 5.132 171.167 0.0171391
0.0372294 5.13211 171.167 0.0171397
0.0372277 5.13181 171.167 0.017138
0.037222 5.12934 171.067 0.017145
0.0372204 5.12907 171.067 0.0171434
0.0372195 5.12892 171.067 0.0171426
0.0372195 5.12892 171.067 0.0171426
0.0372203 5.12905 171.067 0.0171433
0.0372204 5.12907 171.067 0.0171434
0.0372237 5.12962 171.067 0.0171466
0.037224 5.12967 171.067 0.0171469
0.0372247 5.12977 171.067 0.0171473
0.0372317 5.13088 171.067 0.0171537
0.0372574 5.13499 171.067 0.017177
0.0372644 5.13608 171.067 0.0171831
0.0372693 5.1369 171.067 0.0171877
0.0372694 5.13692 171.067 0.0171878
0.0372701 5.13698 171.067 0.0171881
0.0372711 5.13717 171.067 0.0171892
0.0372782 5.1383 171.067 0.0171955
0.0372739 5.1376 171.067 0.0171916
0.037259 5.13371 170.967 0.0171909
0.0372586 5.13364 170.967 0.0171904
0.0372531 5.13275 170.967 0.0171852
0.0372642 5.13452 170.967 0.0171952
0.0372618 5.13414 170.967 0.017193
0.0372612 5.13404 170.967 0.0171924
0.0372602 5.13386 170.967 0.0171915
0.037261 5.134 170.967 0.0171922
0.037257 5.13336 170.967 0.0171887
0.0372567 5.13331 170.967 0.0171884
0.037264 5.13448 170.967 0.017195
0.0372666 5.13489 170.967 0.0171972
0.0372663 5.13484 170.967 0.0171969
0.0372557 5.13318 170.967 0.0171877
0.0372621 5.13419 170.967 0.0171933
0.0372604 5.1339 170.967 0.0171918
0.0372489 5.13055 170.867 0.0171938
0.0372466 5.13017 170.867 0.0171917
0.0372311 5.12771 170.867 0.017178
0.037233 5.128 170.867 0.0171796
0.0372307 5.12766 170.867 0.0171777
0.0372245 5.12668 170.867 0.0171722
0.0372228 5.1264 170.867 0.0171705
0.0372152 5.12517 170.868 0.0171634
0.0372191 5.12577 170.868 0.0171667
0.0372308 5.12767 170.867 0.0171777
0.0372352 5.12838 170.867 0.0171818
0.0372419 5.12945 170.867 0.0171877
0.0372337 5.12656 170.767 0.0171923
0.0372262 5.12537 170.768 0.0171856
0.0372298 5.12594 170.768 0.0171889
0.0372276 5.12563 170.768 0.0171872
0.037228 5.12568 170.768 0.0171874
0.037228 5.12568 170.768 0.0171874
0.0372281 5.12569 170.768 0.0171875
0.0372288 5.12577 170.768 0.0171879
0.0372349 5.12677 170.767 0.0171935
0.0372366 5.12703 170.767 0.017195
0.037242 5.1279 170.767 0.0171998
0.0372442 5.12824 170.767 0.0172017
0.0372383 5.12731 170.767 0.0171966
0.0372385 5.12735 170.767 0.0171968
0.0372393 5.12746 170.767 0.0171973
0.0372395 5.12749 170.767 0.0171975
0.0372398 5.12755 170.767 0.0171978
0.0372466 5.12863 170.767 0.0172041
0.0372471 5.12872 170.767 0.0172046
0.0372473 5.12875 170.767 0.0172048
0.0372536 5.12977 170.767 0.0172107
0.037256 5.13012 170.767 0.0172126
0.0372523 5.12954 170.767 0.0172092
0.0372453 5.12842 170.767 0.0172027
0.0372267 5.12392 170.668 0.0171984
0.0372194 5.12275 170.668 0.0171919
0.0372158 5.12217 170.668 0.0171886
0.0372098 5.12121 170.668 0.0171832
0.0372112 5.12143 170.668 0.0171843
0.0372131 5.12176 170.668 0.0171863
0.0372125 5.12165 170.668 0.0171856
0.0372192 5.12271 170.668 0.0171916
0.0372328 5.12487 170.668 0.0172036
0.0372082 5.121 170.668 0.0171821
0.0372076 5.1209 170.668 0.0171815
0.0372161 5.12222 170.668 0.0171889
0.037208 5.12097 170.668 0.0171819
0.037208 5.12097 170.668 0.0171819
0.0372082 5.121 170.668 0.0171821
0.0372085 5.12105 170.668 0.0171824
0.0372063 5.12068 170.668 0.0171803
0.0372074 5.12086 170.668 0.0171813
0.0372082 5.12099 170.668 0.0171821
0.0372028 5.12012 170.668 0.0171771
0.0372032 5.12019 170.668 0.0171775
0.0371905 5.11664 170.568 0.0171785
0.0371915 5.11678 170.568 0.0171792
0.0371893 5.11643 170.568 0.0171773
0.0371929 5.11701 170.568 0.0171806
0.0371949 5.11735 170.568 0.0171825
0.0371951 5.11739 170.568 0.0171827
0.0371978 5.11777 170.568 0.0171847
0.0371988 5.11794 170.568 0.0171856
0.0371988 5.11794 170.568 0.0171856
0.037199 5.11797 170.568 0.0171858
0.0372095 5.11963 170.568 0.0171952
0.0372126 5.12012 170.568 0.0171979
0.0372193 5.1212 170.568 0.0172042
0.0372169 5.1208 170.568 0.0172017
0.0372173 5.12087 170.568 0.0172021
0.0372154 5.12057 170.568 0.0172005
0.037219 5.12113 170.568 0.0172035
0.0372146 5.12044 170.568 0.0171997
0.037215 5.12052 170.568 0.0172002
0.0372131 5.12021 170.568 0.0171985
0.0372097 5.11967 170.568 0.0171955
0.0371947 5.11574 170.468 0.0171943
0.0371898 5.11497 170.468 0.01719
0.0371931 5.11548 170.468 0.0171927
0.0371994 5.11649 170.468 0.0171985
0.0371884 5.11472 170.468 0.0171886
0.037148 5.10836 170.468 0.0171526
0.0371307 5.10559 170.468 0.0171369
0.0371234 5.10443 170.468 0.0171301
0.0371041 5.09982 170.369 0.0171251
0.0371058 5.10009 170.369 0.0171266
0.037106 5.10012 170.369 0.0171268
0.0371089 5.10057 170.369 0.0171293
0.0371091 5.10061 170.369 0.0171295
0.0371092 5.10062 170.369 0.0171296
0.0371098 5.10073 170.369 0.0171302
0.0371101 5.10078 170.369 0.0171305
0.0371047 5.09993 170.369 0.0171257
0.037105 5.09998 170.369 0.017126
0.0370974 5.09878 170.369 0.0171192
0.0371037 5.09976 170.369 0.0171247
0.037106 5.10013 170.369 0.0171268
0.0371013 5.09936 170.369 0.0171224
0.037108 5.10043 170.369 0.0171285
0.0371122 5.10108 170.369 0.017132
0.0371125 5.10113 170.369 0.0171323
0.0371125 5.10114 170.369 0.0171325
0.0371127 5.10117 170.369 0.0171327
0.0371101 5.10078 170.369 0.0171305
0.0371019 5.09947 170.369 0.0171231
0.0371023 5.09951 170.369 0.0171233
0.037103 5.09964 170.369 0.017124
0.0371068 5.10027 170.369 0.0171276
0.0371033 5.09969 170.369 0.0171243
0.0371035 5.09972 170.369 0.0171245
0.0370664 5.09228 170.269 0.0171032
0.037067 5.09238 170.269 0.0171038
0.0370674 5.09245 170.269 0.0171042
0.0370748 5.09366 170.269 0.0171112
0.0370895 5.09596 170.269 0.0171242
0.0370904 5.09611 170.269 0.0171251
0.0370907 5.09616 170.269 0.0171254
0.0370897 5.096 170.269 0.0171244
0.0371092 5.0991 170.269 0.0171421
0.0371057 5.09856 170.269 0.0171392
0.0371058 5.09858 170.269 0.0171393
0.0371091 5.09908 170.269 0.017142
0.0371091 5.09908 170.269 0.017142
0.0371081 5.09893 170.269 0.0171412
0.0371084 5.09897 170.269 0.0171414
0.0371049 5.09843 170.269 0.0171384
0.0370999 5.09764 170.269 0.017134
0.0370987 5.09742 170.269 0.0171325
0.0370987 5.09741 170.269 0.0171323
0.0370847 5.09363 170.169 0.0171319
0.037085 5.09368 170.169 0.0171322
0.0370854 5.09377 170.169 0.0171328
0.0370934 5.09509 170.169 0.0171406
0.0371043 5.09676 170.169 0.0171497
0.0371036 5.09664 170.169 0.017149
0.0371038 5.09667 170.169 0.0171492
0.0371051 5.09688 170.169 0.0171505
0.0371004 5.09615 170.169 0.0171464
0.0371005 5.09617 170.169 0.0171465
0.0371007 5.0962 170.169 0.0171467
0.037101 5.09625 170.169 0.017147
0.0371024 5.09644 170.169 0.0171478
0.0371046 5.09682 170.169 0.0171501
0.0371051 5.09689 170.169 0.0171505
0.0371063 5.09711 170.169 0.0171519
0.0371067 5.09718 170.169 0.0171523
0.0370818 5.09167 170.069 0.017142
0.0370751 5.09061 170.069 0.0171361
0.0370687 5.0896 170.069 0.0171302
0.0370592 5.08808 170.069 0.0171215
0.0370468 5.08615 170.069 0.0171106
0.0370505 5.0867 170.069 0.0171137
0.0370513 5.08683 170.069 0.0171144
0.0370513 5.08683 170.069 0.0171144
0.0370415 5.0853 170.069 0.0171057
0.0370426 5.08547 170.069 0.0171067
0.0370427 5.08549 170.069 0.0171068
0.0370421 5.0854 170.069 0.0171063
0.0370336 5.08405 170.069 0.017099
0.0370442 5.08571 170.069 0.017108
0.0370504 5.08668 170.069 0.0171136
0.0370508 5.08674 170.069 0.0171139
0.0370615 5.08843 170.069 0.0171235
0.0370616 5.08845 170.069 0.0171236
0.0370617 5.08847 170.069 0.0171237
0.037062 5.08852 170.069 0.017124
0.037062 5.08852 170.069 0.017124
0.0370621 5.08853 170.069 0.0171241
0.037039 5.08487 170.069 0.0171032
0.0370227 5.08228 170.069 0.0170885
0.0370066 5.0782 169.969 0.0170863
0.0369834 5.07453 169.97 0.0170658
0.0369836 5.07455 169.97 0.0170659
0.0369837 5.07457 169.97 0.017066
0.0369802 5.07405 169.97 0.017063
0.0369479 5.06887 169.97 0.0170334
0.0369011 5.06146 169.97 0.0169911
0.0368991 5.06114 169.97 0.0169893
0.036876 5.0575 169.97 0.0169688
0.0368757 5.05744 169.97 0.0169685
0.0368737 5.05711 169.97 0.0169665
0.0368399 5.05178 169.97 0.0169363
0.0368401 5.05182 169.97 0.0169365
0.0368153 5.04634 169.871 0.0169263
0.036789 5.04219 169.871 0.0169027
0.0367889 5.04217 169.871 0.0169026
0.0367798 5.04068 169.871 0.0168938
0.0367794 5.0406 169.871 0.0168934
0.0367714 5.03937 169.871 0.0168863
0.0367044 5.02878 169.871 0.0168262
0.0367043 5.02877 169.871 0.0168261
0.0367043 5.02877 169.871 0.0168261
0.0366976 5.02768 169.871 0.0168198
0.0366633 5.0208 169.772 0.0168018
0.0366633 5.0208 169.772 0.0168018
0.036659 5.02154 169.872 0.016785
0.0366457 5.0179 169.772 0.0167849
0.0366457 5.0179 169.772 0.0167849
0.0366457 5.0179 169.772 0.0167849
0.0366435 5.01753 169.772 0.0167827
0.0366236 5.01445 169.772 0.0167655
0.0366271 5.01503 169.772 0.0167689
0.0366181 5.01354 169.772 0.0167602
0.0366058 5.01164 169.772 0.0167494
0.0366043 5.01138 169.772 0.0167479
0.0366044 5.0114 169.772 0.016748
0.0365965 5.01018 169.772 0.0167412
0.0366018 5.01098 169.772 0.0167455
0.0366018 5.01098 169.772 0.0167455
0.0366018 5.01098 169.772 0.0167455
0.0365977 5.01037 169.772 0.0167423
0.0365977 5.01037 169.772 0.0167423
0.0365848 5.00683 169.672 0.016743
0.036599 5.01058 169.772 0.0167435
0.0365992 5.01063 169.772 0.0167438
0.0365912 5.00781 169.672 0.0167484
0.0365937 5.00822 169.672 0.0167509
0.0365635 5.00343 169.672 0.0167234
0.0365574 5.00248 169.672 0.0167181
0.0365539 5.00192 169.672 0.016715
0.036555 5.00206 169.672 0.0167156
0.036551 5.00147 169.672 0.0167122
0.0365512 5.0015 169.672 0.0167124
0.0365512 5.0015 169.672 0.0167124
0.0365517 5.00158 169.672 0.0167129
0.0365517 5.00158 169.672 0.0167129
0.0365527 5.00172 169.672 0.0167138
0.0365525 5.00168 169.672 0.0167135
0.0365485 5.00109 169.672 0.0167101
0.0365537 5.00189 169.672 0.0167148
0.0365545 5.00199 169.672 0.0167152
0.0365554 5.00213 169.672 0.0167159
0.0365572 5.00244 169.672 0.0167179
0.0365499 5.00127 169.672 0.016711
0.0365501 5.0013 169.672 0.0167112
0.0365503 5.00133 169.672 0.0167114
0.0365503 5.00133 169.672 0.0167114
0.0365219 4.99689 169.673 0.0166863
0.036513 4.99545 169.673 0.016678
0.0364995 4.99182 169.573 0.0166781
0.0365001 4.99192 169.573 0.0166787
0.036497 4.99142 169.573 0.0166758
0.0364976 4.99154 169.573 0.0166766
0.0364977 4.99156 169.573 0.0166767
0.036494 4.99095 169.573 0.0166731
0.0364943 4.991 169.573 0.0166734
0.0364925 4.99069 169.573 0.0166716
0.0364929 4.99075 169.573 0.016672
0.0364879 4.99003 169.573 0.016668
0.0364882 4.99008 169.573 0.0166683
0.0364936 4.99088 169.573 0.0166727
0.0364944 4.99101 169.573 0.0166735
0.0364874 4.98994 169.573 0.0166675
0.0364728 4.98762 169.573 0.0166543
0.036473 4.98766 169.573 0.0166545
0.0364635 4.98615 169.573 0.0166458
0.0364711 4.98735 169.573 0.0166528
0.0364603 4.98416 169.473 0.0166553
0.0364464 4.98191 169.473 0.0166423
0.036441 4.9811 169.473 0.0166378
0.0364406 4.98103 169.473 0.0166374
0.0364336 4.97992 169.473 0.016631
0.036426 4.97874 169.473 0.0166245
0.0364147 4.97693 169.473 0.0166141
0.0364149 4.97694 169.473 0.0166139
0.0363843 4.97213 169.474 0.0165865
0.0363838 4.97207 169.474 0.0165863
0.0363643 4.96902 169.474 0.0165689
0.0363462 4.96465 169.374 0.0165646
0.0363462 4.96465 169.374 0.0165646
0.0363468 4.96476 169.374 0.0165652
0.0363466 4.96472 169.374 0.016565
0.0363457 4.96455 169.374 0.0165639
0.0363434 4.96416 169.374 0.0165615
0.0363424 4.96401 169.374 0.0165608
0.0363428 4.96406 169.374 0.016561
0.0363383 4.96341 169.374 0.0165575
0.0363333 4.96264 169.374 0.0165532
0.0363332 4.96262 169.374 0.0165531
0.0363413 4.96385 169.374 0.0165599
0.0363411 4.96382 169.374 0.0165597
0.0363405 4.96372 169.374 0.0165591
0.0363379 4.96339 169.374 0.0165575
0.0363375 4.96332 169.374 0.0165571
0.0363289 4.96188 169.374 0.0165488
0.0363287 4.96184 169.374 0.0165486
0.0363283 4.9618 169.374 0.0165484
0.0363081 4.95714 169.274 0.0165423
0.0363032 4.95634 169.274 0.0165378
0.0363026 4.95624 169.274 0.0165374
0.0362993 4.95581 169.274 0.016535
0.0363253 4.95988 169.274 0.0165581
0.0363326 4.96101 169.274 0.0165646
0.0363423 4.96252 169.274 0.0165731
0.0363399 4.96215 169.274 0.016571
0.0363405 4.96225 169.274 0.0165716
0.0363406 4.96227 169.274 0.0165717
0.036341 4.96234 169.274 0.0165721
0.0363422 4.96249 169.274 0.0165729
0.0363424 4.96253 169.274 0.0165731
0.0363426 4.96256 169.274 0.0165733
0.0363428 4.96259 169.274 0.0165735
0.0363675 4.96652 169.274 0.0165961
0.0363687 4.96673 169.274 0.0165974
0.0363711 4.96709 169.274 0.0165994
0.0363488 4.96358 169.274 0.0165792
0.0363525 4.96416 169.274 0.0165827
0.0363296 4.959 169.174 0.0165737
0.0363285 4.95885 169.174 0.0165729
0.0363093 4.95588 169.174 0.016556
0.0363299 4.95905 169.174 0.016574
0.0363142 4.95661 169.174 0.0165601
0.0363162 4.95688 169.174 0.0165614
0.0363178 4.95717 169.174 0.0165632
0.0363178 4.95717 169.174 0.0165632
0.0363171 4.95704 169.174 0.0165623
0.0363184 4.95727 169.174 0.0165638
0.0363184 4.95727 169.174 0.0165638
0.0363185 4.95728 169.174 0.0165639
0.0363227 4.958 169.174 0.0165682
0.0363228 4.95802 169.174 0.0165683
0.0363219 4.95787 169.174 0.0165674
0.0363229 4.95804 169.174 0.0165684
0.0363244 4.95824 169.174 0.0165694
0.0363026 4.95326 169.074 0.0165615
0.0362897 4.95126 169.074 0.0165503
0.0362618 4.94685 169.075 0.0165251
0.036255 4.94583 169.075 0.0165193
0.0362434 4.94402 169.075 0.0165089
0.0362463 4.94446 169.075 0.0165113
0.0362252 4.94111 169.075 0.0164923
0.0362262 4.94128 169.075 0.0164933
0.036217 4.93984 169.075 0.016485
0.0362208 4.94045 169.075 0.0164884
0.0362182 4.94004 169.075 0.0164862
0.0362181 4.94003 169.075 0.0164861
0.0362174 4.93991 169.075 0.0164854
0.0362173 4.93989 169.075 0.0164853
0.0362011 4.93584 168.975 0.0164829
0.0362051 4.93651 168.975 0.0164867
0.0362066 4.93672 168.975 0.0164879
0.0361954 4.93496 168.975 0.0164777
0.0361871 4.93365 168.975 0.0164702
0.0361809 4.93268 168.975 0.0164647
0.036172 4.93128 168.975 0.0164567
0.0361642 4.93008 168.975 0.0164499
0.0361674 4.93056 168.975 0.0164526
0.0361711 4.93113 168.975 0.0164558
0.0361654 4.93024 168.975 0.0164507
0.0361647 4.93016 168.975 0.0164504
0.0361493 4.92773 168.975 0.0164364
0.0361358 4.92561 168.975 0.0164242
0.0361375 4.92582 168.975 0.0164253
0.036137 4.92574 168.975 0.0164248
0.0361365 4.9257 168.975 0.0164246
0.0361352 4.92552 168.975 0.0164237
0.036122 4.92197 168.876 0.0164241
0.0361192 4.92154 168.876 0.0164217
0.0361206 4.92177 168.876 0.016423
0.0361198 4.92164 168.876 0.0164222
0.0361441 4.92542 168.875 0.0164438
0.0361436 4.92536 168.875 0.0164435
0.0361428 4.92523 168.875 0.0164427
0.0361342 4.92389 168.876 0.0164351
0.0361308 4.92337 168.876 0.0164322
0.0361303 4.9233 168.876 0.0164318
0.0361303 4.9233 168.876 0.0164318
0.0361107 4.92019 168.876 0.0164139
0.0361314 4.92343 168.876 0.0164325
0.0361117 4.92036 168.876 0.0164149
0.0361003 4.91854 168.876 0.0164043
0.0360979 4.91818 168.876 0.0164023
0.0360748 4.9131 168.776 0.0163941
0.0360834 4.91443 168.776 0.0164015
0.036071 4.91252 168.776 0.0163907
0.036074 4.91297 168.776 0.0163933
0.0360786 4.91364 168.776 0.0163967
0.0360788 4.91367 168.776 0.0163969
0.036081 4.91403 168.776 0.0163991
0.036075 4.91314 168.776 0.0163943
0.0360678 4.91197 168.776 0.0163874
0.03607 4.91234 168.776 0.0163896
0.0360745 4.91305 168.776 0.0163937
0.0360746 4.91307 168.776 0.0163938
0.0360747 4.91308 168.776 0.0163939
0.0360753 4.91318 168.776 0.0163945
0.0360663 4.91022 168.676 0.0163978
0.0360589 4.90912 168.676 0.0163918
0.0360641 4.90993 168.676 0.0163963
0.0360644 4.90997 168.676 0.0163965
0.0360654 4.9101 168.676 0.0163971
0.0360618 4.90961 168.676 0.0163949
0.0360591 4.90914 168.676 0.016392
0.0360547 4.90845 168.676 0.0163879
0.0360555 4.90859 168.676 0.0163888
0.0360623 4.90966 168.676 0.016395
0.0360425 4.90652 168.676 0.0163768
0.0360371 4.90566 168.676 0.0163719
0.0360367 4.90559 168.676 0.0163715
0.0360344 4.90526 168.676 0.0163697
0.0360271 4.90414 168.676 0.0163634
0.0360231 4.90348 168.676 0.0163593
0.03602 4.90301 168.676 0.0163567
0.0360192 4.9029 168.676 0.0163561
0.0360173 4.90261 168.676 0.0163544
0.0359805 4.89679 168.677 0.0163209
0.0359102 4.88437 168.577 0.0162703
0.0358876 4.88076 168.577 0.0162495
0.0358844 4.88034 168.577 0.0162473
0.0358832 4.88017 168.577 0.0162464
0.0358827 4.88009 168.577 0.0162459
0.0358771 4.87916 168.577 0.0162404
0.0358793 4.87954 168.577 0.0162427
0.0358847 4.88039 168.577 0.0162476
0.0358843 4.88032 168.577 0.0162472
0.0358887 4.88094 168.577 0.0162506
0.0358895 4.88109 168.577 0.0162515
0.0358806 4.87972 168.577 0.0162436
0.035869 4.8779 168.577 0.0162332
0.0358694 4.87797 168.577 0.0162336
0.0358704 4.87815 168.577 0.0162348
0.0358733 4.8786 168.577 0.0162373
0.0358739 4.87866 168.577 0.0162376
0.0358746 4.87876 168.577 0.0162381
0.0358746 4.87876 168.577 0.0162381
0.0358644 4.87716 168.577 0.0162291
0.0358557 4.87586 168.577 0.0162217
0.035837 4.8729 168.578 0.0162045
0.0358299 4.87178 168.578 0.0161979
0.0358271 4.87133 168.578 0.0161953
0.0358233 4.87076 168.578 0.0161922
0.0357204 4.85322 168.478 0.0161119
0.0357108 4.85171 168.478 0.0161033
0.0356969 4.84954 168.478 0.0160909
0.0356943 4.84915 168.478 0.0160886
0.0356586 4.84353 168.479 0.0160564
0.0356647 4.84451 168.479 0.016062
0.0356664 4.8448 168.479 0.0160638
0.0356704 4.8454 168.479 0.0160671
0.0356537 4.84136 168.379 0.0160645
0.035646 4.84011 168.379 0.0160571
0.03564 4.83924 168.379 0.0160522
0.0356319 4.8379 168.379 0.0160444
0.0355909 4.83157 168.379 0.016008
0.035589 4.83125 168.379 0.0160061
0.0355876 4.83103 168.379 0.016005
0.0355728 4.82873 168.379 0.0159919
0.0355719 4.82858 168.379 0.0159911
0.0355712 4.82846 168.379 0.0159904
0.03557 4.82826 168.379 0.0159892
0.0355596 4.82664 168.379 0.0159796
0.0355298 4.82204 168.379 0.0159534
0.035524 4.82105 168.38 0.0159473
0.0355261 4.82144 168.38 0.0159498
0.0355263 4.82148 168.38 0.01595
0.0355261 4.82144 168.38 0.0159498
0.0355181 4.8202 168.38 0.0159427
0.0355199 4.82045 168.38 0.0159441
0.0355197 4.82042 168.38 0.0159439
0.0355197 4.82042 168.38 0.0159439
0.0355045 4.81809 168.38 0.0159306
0.035503 4.81783 168.38 0.0159292
0.035498 4.81703 168.38 0.0159246
0.035498 4.81704 168.38 0.0159247
0.0354806 4.8129 168.28 0.0159212
0.0354701 4.81128 168.28 0.0159118
0.0354647 4.81043 168.28 0.0159068
0.0354463 4.80758 168.28 0.0158907
0.035433 4.80552 168.28 0.0158788
0.0354324 4.80542 168.28 0.0158782
0.0354302 4.80503 168.28 0.0158758
0.0353964 4.79974 168.28 0.0158453
0.0353853 4.79806 168.28 0.0158357
0.0353441 4.79159 168.281 0.0157985
0.0353128 4.78535 168.181 0.0157829
0.0353112 4.78509 168.181 0.0157814
0.0352908 4.7819 168.181 0.015763
0.0352819 4.78049 168.181 0.0157549
0.0352765 4.77971 168.181 0.0157504
0.035275 4.77947 168.181 0.0157491
0.0352651 4.77793 168.181 0.0157404
0.0352645 4.77782 168.181 0.0157396
0.0352641 4.77778 168.181 0.0157394
0.0352618 4.7774 168.181 0.0157372
0.0352618 4.77738 168.181 0.015737
0.0352608 4.77721 168.181 0.015736
0.0352539 4.77621 168.181 0.0157305
0.0352401 4.77404 168.181 0.0157178
0.0352404 4.77409 168.181 0.0157181
0.0352337 4.77299 168.181 0.0157117
0.0352389 4.77384 168.181 0.0157165
0.0352412 4.77423 168.181 0.0157189
0.0352377 4.77366 168.181 0.0157155
0.0352315 4.77265 168.181 0.0157098
0.0351942 4.76691 168.182 0.0156768
0.0351707 4.7618 168.082 0.0156676
0.0351635 4.76072 168.082 0.0156613
0.0351689 4.76155 168.082 0.015666
0.0351647 4.76092 168.082 0.0156625
0.0351448 4.75784 168.082 0.0156448
0.0351325 4.75593 168.082 0.0156339
0.0351205 4.75405 168.082 0.0156229
0.0351078 4.75206 168.082 0.0156113
0.035073 4.74667 168.082 0.0155804
0.0350701 4.74618 168.082 0.0155775
0.0350463 4.74245 168.083 0.015556
0.0350451 4.74229 168.083 0.0155552
0.0350014 4.73555 168.083 0.0155163
0.035001 4.73548 168.083 0.0155159
0.0349891 4.73361 168.083 0.0155051
0.0349868 4.73327 168.083 0.0155032
0.0349824 4.73256 168.083 0.015499
0.0349859 4.73311 168.083 0.0155022
0.0349858 4.7331 168.083 0.0155021
0.0349647 4.72849 167.983 0.0154959
0.0349721 4.72961 167.983 0.0155024
0.0349721 4.7296 167.983 0.0155021
0.0349725 4.72964 167.983 0.0155025
0.0349612 4.72791 167.983 0.0154924
0.0349613 4.72792 167.983 0.0154925
0.0349618 4.72801 167.983 0.015493
0.0349621 4.72806 167.983 0.0154933
0.0349612 4.7279 167.983 0.0154924
0.0349621 4.72805 167.983 0.0154932
0.0349628 4.72817 167.983 0.0154939
0.0349656 4.7286 167.983 0.0154965
0.0349657 4.72861 167.983 0.0154966
0.0349634 4.72826 167.983 0.0154945
0.034961 4.72787 167.983 0.0154921
0.0349587 4.72751 167.983 0.0154901
0.0349543 4.72685 167.983 0.0154862
0.0349439 4.7252 167.983 0.0154768
0.0349334 4.72356 167.983 0.0154674
0.0348999 4.71839 167.983 0.0154373
0.0348711 4.71253 167.884 0.0154238
0.0348407 4.70784 167.884 0.0153967
0.0348364 4.70714 167.884 0.0153926
0.034825 4.70535 167.884 0.0153825
0.0347994 4.70142 167.884 0.0153597
0.0347722 4.69723 167.884 0.0153357
0.0347693 4.69683 167.884 0.0153335
0.0347683 4.69666 167.884 0.0153325
0.0347559 4.69473 167.884 0.0153212
0.034755 4.69458 167.884 0.0153203
0.0347523 4.69414 167.884 0.0153177
0.034751 4.69392 167.884 0.0153164
0.034737 4.69177 167.884 0.015304
0.0347358 4.69157 167.884 0.0153028
0.0347338 4.69128 167.884 0.0153012
0.0347541 4.69442 167.884 0.0153194
0.0347468 4.69192 167.784 0.015325
0.0347309 4.68948 167.785 0.0153108
0.034729 4.6892 167.785 0.0153092
0.0347478 4.69209 167.784 0.015326
0.0347455 4.69173 167.784 0.0153239
0.0347425 4.69128 167.784 0.0153214
0.0347124 4.68658 167.785 0.015294
0.0347091 4.68604 167.785 0.015291
0.0347013 4.68491 167.785 0.0152846
0.0347005 4.6848 167.785 0.0152841
0.0347004 4.68477 167.785 0.0152837
0.0346995 4.68461 167.785 0.0152828
0.034696 4.68406 167.785 0.0152796
0.0346995 4.68461 167.785 0.0152828
0.0346978 4.68434 167.785 0.0152812
0.0346698 4.68003 167.785 0.0152564
0.0346543 4.67764 167.785 0.0152427
0.0345892 4.6675 167.785 0.0151839
0.0345927 4.66808 167.785 0.0151873
0.0345994 4.66912 167.785 0.0151936
0.034585 4.66556 167.685 0.0151929
0.0345646 4.66241 167.686 0.0151747
0.0345619 4.66198 167.686 0.0151721
0.0345619 4.66198 167.686 0.0151721
0.0345615 4.66191 167.686 0.0151717
0.0345614 4.6619 167.686 0.0151716
0.0345591 4.66153 167.686 0.0151694
0.0345586 4.66146 167.686 0.015169
0.0345535 4.66065 167.686 0.0151644
0.0345522 4.66046 167.686 0.0151633
0.0345656 4.66254 167.686 0.0151753
0.0345522 4.66045 167.686 0.0151633
0.0345421 4.65891 167.686 0.0151541
0.0345295 4.65696 167.686 0.0151431
0.0344869 4.65039 167.686 0.0151051
0.0344855 4.65015 167.686 0.0151037
0.0344829 4.64971 167.686 0.0151011
0.0344867 4.65034 167.686 0.0151048
0.0344852 4.65011 167.686 0.0151035
0.0343988 4.63541 167.587 0.0150381
0.0343756 4.63187 167.587 0.0150179
0.0343568 4.62893 167.587 0.0150009
0.0343462 4.62734 167.587 0.0149918
0.0343413 4.62658 167.587 0.0149873
0.0343357 4.62569 167.587 0.0149821
0.0343117 4.62202 167.587 0.014961
0.0343069 4.62123 167.587 0.0149561
0.0343057 4.62107 167.587 0.0149552
0.0342855 4.61797 167.587 0.0149375
0.034252 4.61148 167.487 0.0149198
0.0342343 4.60873 167.488 0.0149038
0.0342341 4.6087 167.488 0.0149036
0.0341843 4.60108 167.488 0.0148598
0.034168 4.59848 167.488 0.0148446
0.0341576 4.59688 167.488 0.0148352
0.0341053 4.58881 167.488 0.0147884
0.0341042 4.58862 167.488 0.0147873
0.0341027 4.58837 167.488 0.0147858
0.0340892 4.58635 167.488 0.0147743
0.0340769 4.58443 167.488 0.0147632
0.0340742 4.58398 167.488 0.0147604
0.0340033 4.57176 167.389 0.0147095
0.0339799 4.56814 167.389 0.0146885
0.0339803 4.56821 167.389 0.0146889
0.0339794 4.56806 167.389 0.014688
0.0339464 4.56295 167.389 0.0146584
0.0339294 4.56033 167.389 0.0146433
0.0339243 4.55957 167.389 0.0146389
0.0339322 4.56077 167.389 0.0146458
0.0339344 4.56113 167.389 0.014648
0.033933 4.5609 167.389 0.0146466
0.0339214 4.55911 167.389 0.0146363
0.0339164 4.55828 167.389 0.0146313
0.0339158 4.55819 167.389 0.0146308
0.0339142 4.55793 167.389 0.0146292
0.0339094 4.5573 167.389 0.0146259
0.0339191 4.55872 167.389 0.0146339
0.0339226 4.5593 167.389 0.0146374
0.0339202 4.5589 167.389 0.0146351
0.03392 4.55887 167.389 0.0146349
0.0339253 4.55972 167.389 0.0146398
0.0339149 4.55676 167.29 0.0146422
0.0339381 4.56039 167.289 0.0146634
0.0339384 4.56044 167.289 0.0146637
0.0339429 4.56114 167.289 0.0146678
0.0339695 4.56517 167.289 0.0146908
0.0339779 4.5665 167.289 0.0146987
0.0339782 4.56655 167.289 0.014699
0.0339783 4.56657 167.289 0.0146991
0.0339876 4.568 167.289 0.0147072
0.0339885 4.56814 167.289 0.0147082
0.0339859 4.56771 167.289 0.0147056
0.0339499 4.56219 167.289 0.0146739
0.0339501 4.56223 167.289 0.0146742
0.0339501 4.56223 167.289 0.0146742
0.0339135 4.55527 167.19 0.0146534
0.0339086 4.55454 167.19 0.0146492
0.0338913 4.55178 167.19 0.0146328
0.0338886 4.5514 167.19 0.0146307
0.0338866 4.55109 167.19 0.0146289
0.0338838 4.55076 167.19 0.0146272
0.0338803 4.55017 167.19 0.0146238
0.033879 4.54995 167.19 0.0146225
0.0338786 4.54989 167.19 0.0146221
0.0338754 4.54943 167.19 0.0146197
0.0338709 4.54871 167.19 0.0146153
0.0338703 4.54861 167.19 0.0146147
0.0338692 4.54843 167.19 0.0146136
0.0338236 4.54143 167.19 0.0145731
0.03381 4.53932 167.19 0.0145607
0.0338053 4.5386 167.19 0.0145566
0.0337584 4.53007 167.091 0.0145265
0.0337331 4.52618 167.091 0.0145042
0.0337307 4.52581 167.091 0.014502
0.0337531 4.52931 167.091 0.0145223
0.0337455 4.52807 167.091 0.0145148
0.033714 4.52329 167.091 0.0144875
0.0337106 4.52275 167.091 0.0144844
0.0337115 4.52291 167.091 0.0144853
0.0337109 4.5228 167.091 0.0144847
0.0337115 4.52291 167.091 0.0144853
0.0337077 4.52227 167.091 0.0144815
0.0336986 4.52092 167.091 0.0144738
0.0336982 4.52084 167.091 0.0144732
0.0336855 4.51889 167.091 0.0144619
0.0336875 4.51917 167.091 0.0144634
0.0336636 4.51423 166.991 0.0144542
0.0336809 4.51684 166.991 0.0144693
0.0336722 4.51555 166.991 0.0144621
0.0336681 4.51493 166.991 0.0144586
0.033666 4.5146 166.991 0.0144565
0.0336662 4.51463 166.991 0.0144566
0.0336558 4.51304 166.991 0.0144474
0.0336549 4.51289 166.991 0.0144465
0.0336549 4.5129 166.991 0.0144465
0.0336425 4.511 166.991 0.0144355
0.0336458 4.51151 166.991 0.0144385
0.0336487 4.5119 166.991 0.0144406
0.0336183 4.5073 166.991 0.0144144
0.0336197 4.50749 166.991 0.0144154
0.03362 4.50754 166.991 0.0144157
0.0336201 4.50756 166.991 0.0144158
0.0336349 4.50849 166.891 0.0144404
0.0336419 4.50962 166.891 0.0144471
0.0336346 4.50843 166.891 0.01444
0.0336343 4.50838 166.891 0.0144397
0.0336249 4.50698 166.891 0.0144317
0.0336298 4.50775 166.891 0.0144361
0.0336128 4.50517 166.891 0.0144214
0.0335986 4.50292 166.892 0.0144081
0.0335973 4.50277 166.892 0.0144072
0.0335743 4.49926 166.892 0.014387
0.0335419 4.49293 166.792 0.0143694
0.033535 4.49194 166.792 0.0143639
0.0335309 4.49125 166.792 0.0143598
0.0335296 4.49106 166.792 0.0143587
0.033516 4.48901 166.792 0.0143468
0.0335047 4.48727 166.792 0.0143367
0.0334647 4.48114 166.792 0.0143011
0.0334524 4.47927 166.792 0.0142901
0.0334493 4.4788 166.792 0.0142874
0.0334527 4.47931 166.792 0.0142903
0.0334435 4.47792 166.792 0.0142822
0.0334388 4.47713 166.792 0.0142775
0.0334301 4.47589 166.793 0.0142707
0.0334348 4.47651 166.792 0.0142739
0.0334413 4.47755 166.792 0.01428
0.033441 4.47749 166.792 0.0142797
0.033445 4.47812 166.792 0.0142834
0.0334575 4.48002 166.792 0.0142944
0.0334687 4.48176 166.792 0.0143048
0.0334703 4.48202 166.792 0.0143061
0.033469 4.48182 166.792 0.0143051
0.0334532 4.47813 166.692 0.0143031
0.0334434 4.47657 166.692 0.0142938
0.0334401 4.47612 166.693 0.0142912
0.0334363 4.47549 166.693 0.0142876
0.033407 4.47103 166.693 0.0142617
0.0333879 4.46813 166.693 0.0142448
0.0333778 4.46654 166.693 0.0142355
0.033356 4.46324 166.693 0.0142163
0.0333552 4.4631 166.693 0.0142155
0.0333537 4.46285 166.693 0.014214
0.0333541 4.46292 166.693 0.0142144
0.033323 4.45819 166.693 0.0141868
0.0333237 4.4583 166.693 0.0141875
0.0333065 4.45441 166.593 0.0141844
0.0332617 4.44753 166.594 0.0141442
0.0332457 4.44506 166.594 0.0141299
0.0332408 4.44433 166.594 0.0141253
0.0332405 4.44429 166.594 0.0141251
0.0332286 4.44248 166.594 0.0141148
0.0332309 4.44285 166.594 0.014117
0.033228 4.44237 166.594 0.0141141
0.0332494 4.44562 166.594 0.0141331
0.0332485 4.44549 166.594 0.0141324
0.0332543 4.44642 166.594 0.0141378
0.0332514 4.44594 166.594 0.0141349
0.0332631 4.44777 166.594 0.0141456
0.0332619 4.44756 166.594 0.0141444
0.0332373 4.44252 166.494 0.0141344
0.0332404 4.44304 166.494 0.0141374
0.0332456 4.44382 166.494 0.0141419
0.0332446 4.44366 166.494 0.0141411
0.0332334 4.44191 166.494 0.0141308
0.033233 4.44184 166.494 0.0141304
0.0332141 4.43899 166.494 0.0141138
0.0331932 4.43581 166.494 0.0140951
0.033211 4.43848 166.494 0.0141107
0.0332097 4.43826 166.494 0.0141094
0.0332164 4.43937 166.494 0.0141161
0.0332151 4.43917 166.494 0.0141149
0.0332134 4.43887 166.494 0.0141131
0.0332171 4.43949 166.494 0.0141168
0.0332184 4.4397 166.494 0.0141181
0.0332183 4.43969 166.494 0.014118
0.0332183 4.43969 166.494 0.014118
0.0332165 4.43939 166.494 0.0141162
0.033213 4.4388 166.494 0.0141127
0.0331774 4.43339 166.494 0.0140811
0.0331638 4.43134 166.494 0.0140693
0.0331437 4.42696 166.394 0.0140628
0.0331487 4.42906 166.494 0.014056
0.0331279 4.42456 166.394 0.0140489
0.0331119 4.42217 166.394 0.014035
0.0331052 4.42113 166.395 0.0140291
0.0331043 4.42098 166.395 0.0140282
0.0330967 4.41983 166.395 0.0140215
0.0330767 4.41679 166.395 0.0140036
0.0330709 4.41585 166.395 0.0139981
0.0330624 4.41457 166.395 0.0139906
0.0330668 4.41527 166.395 0.0139948
0.0330607 4.41433 166.395 0.0139892
0.0330634 4.41474 166.395 0.0139917
0.0330614 4.41445 166.395 0.01399
0.0330656 4.41511 166.395 0.0139939
0.0330509 4.4116 166.295 0.0139927
0.0330577 4.41262 166.295 0.0139986
0.0330576 4.41261 166.295 0.0139985
0.0330557 4.4123 166.295 0.0139967
0.0330544 4.41212 166.295 0.0139957
0.0330567 4.41243 166.295 0.0139974
0.0330548 4.41216 166.295 0.0139959
0.0330511 4.41163 166.295 0.0139929
0.033046 4.41089 166.295 0.0139886
0.0330503 4.41151 166.295 0.0139921
0.0330222 4.40721 166.295 0.0139669
0.0329986 4.40363 166.295 0.0139462
0.0329909 4.40248 166.295 0.0139394
0.0329854 4.40162 166.295 0.0139345
0.0329762 4.4002 166.295 0.013926
0.0329369 4.39424 166.295 0.0138912
0.0329127 4.39055 166.296 0.0138697
0.0328994 4.38853 166.296 0.0138581
0.0328937 4.38765 166.296 0.0138527
0.0328924 4.38744 166.296 0.0138515
0.0328849 4.38632 166.296 0.0138451
0.0328228 4.37687 166.296 0.01379
0.0326964 4.35637 166.197 0.0136892
0.032694 4.35607 166.197 0.0136875
0.0326919 4.35576 166.197 0.0136857
0.0326345 4.34701 166.197 0.0136346
0.0326368 4.34736 166.197 0.0136368
0.0326323 4.34667 166.197 0.0136326
0.0326713 4.35258 166.197 0.013667
0.0326692 4.35227 166.197 0.0136653
0.0326403 4.34789 166.197 0.0136398
0.0326407 4.34796 166.197 0.0136402
0.0326127 4.34249 166.097 0.0136272
0.0326117 4.34232 166.097 0.0136262
0.032611 4.34223 166.097 0.0136257
0.0326173 4.34318 166.097 0.0136313
0.0326217 4.34388 166.097 0.0136354
0.032621 4.34376 166.097 0.0136347
0.032621 4.34376 166.097 0.0136347
0.0326205 4.34368 166.097 0.0136342
0.0326202 4.34363 166.097 0.0136339
0.0326198 4.34356 166.097 0.0136335
0.0326149 4.34285 166.097 0.0136294
0.0326086 4.34183 166.097 0.0136233
0.0325971 4.34013 166.097 0.0136133
0.0325903 4.33907 166.097 0.013607
0.0325814 4.33778 166.098 0.0135997
0.0325792 4.33741 166.098 0.0135975
0.0325725 4.3364 166.098 0.0135916
0.0325559 4.33387 166.098 0.0135768
0.0325452 4.33224 166.098 0.0135672
0.0324891 4.32373 166.098 0.0135175
0.0324871 4.32342 166.098 0.0135157
0.0324768 4.32184 166.098 0.0135064
0.0324453 4.31594 165.998 0.013491
0.0324431 4.31557 165.998 0.0134888
0.0324249 4.31277 165.998 0.0134724
0.0323986 4.30881 165.999 0.0134491
0.0323827 4.30645 165.999 0.0134354
0.032357 4.30256 165.999 0.0134129
0.0323566 4.30249 165.999 0.0134125
0.0323385 4.29971 165.999 0.0133958
0.0323352 4.29919 165.999 0.0133927
0.032331 4.2986 165.999 0.0133894
0.032325 4.29769 165.999 0.0133842
0.0323214 4.29717 165.999 0.0133812
0.0323168 4.29643 165.999 0.0133765
0.0322957 4.29327 165.999 0.0133583
0.0322922 4.29272 165.999 0.0133551
0.0322916 4.29262 165.999 0.0133545
0.0322915 4.2926 165.999 0.0133544
0.0322811 4.29101 165.999 0.0133449
0.0322801 4.29084 165.999 0.0133439
0.0322869 4.29189 165.999 0.0133499
0.0322716 4.28836 165.899 0.0133481
0.0322651 4.28747 165.899 0.0133433
0.0322746 4.29009 165.999 0.0133397
0.0322729 4.2898 165.999 0.013338
0.0322726 4.28976 165.999 0.0133377
0.0321864 4.27557 165.9 0.0132736
0.0322028 4.278 165.9 0.0132876
0.0321979 4.27729 165.9 0.0132834
0.032201 4.27769 165.9 0.0132858
0.0321934 4.2766 165.9 0.0132794
0.0321717 4.2733 165.9 0.0132601
0.0321604 4.27159 165.9 0.01325
0.0321261 4.26526 165.8 0.0132318
0.032123 4.26474 165.8 0.0132287
0.0321072 4.26237 165.8 0.0132146
0.0320973 4.26086 165.8 0.0132059
0.032094 4.26041 165.8 0.0132034
0.0320848 4.25902 165.8 0.0131953
0.0320744 4.25746 165.8 0.0131861
0.0320703 4.25683 165.8 0.0131825
0.0320607 4.25537 165.8 0.0131738
0.0320597 4.25521 165.8 0.0131729
0.0320114 4.24793 165.801 0.0131303
0.0320036 4.24682 165.801 0.0131239
0.0320036 4.2468 165.801 0.0131237
0.0319951 4.24548 165.801 0.0131158
0.0320284 4.2505 165.801 0.0131452
0.0320261 4.25014 165.801 0.0131431
0.0320262 4.24899 165.701 0.0131552
0.0320329 4.25115 165.801 0.0131489
0.0320196 4.24799 165.701 0.0131492
0.0320153 4.24737 165.701 0.0131456
0.0320494 4.25252 165.701 0.013176
0.0320487 4.2524 165.701 0.0131753
0.0320476 4.25222 165.701 0.0131742
0.0320526 4.25301 165.701 0.0131789
0.0320532 4.25311 165.701 0.0131795
0.0320495 4.25254 165.701 0.0131761
0.0320479 4.25227 165.701 0.0131745
0.0320285 4.24936 165.701 0.0131574
0.0320224 4.24844 165.701 0.0131521
0.0320202 4.24806 165.701 0.0131497
0.0320113 4.24682 165.701 0.0131425
0.0320087 4.24639 165.701 0.0131399
0.0320062 4.24601 165.701 0.0131378
0.0319929 4.24399 165.701 0.013126
0.031992 4.24383 165.701 0.0131251
0.0319716 4.23962 165.601 0.013119
0.0319845 4.24272 165.701 0.0131184
0.0319627 4.23826 165.601 0.013111
0.0319534 4.23686 165.601 0.0131027
0.0319529 4.23678 165.601 0.0131022
0.0319418 4.2351 165.601 0.0130925
0.0319408 4.23494 165.601 0.0130916
0.0319395 4.23476 165.601 0.0130905
0.0319539 4.23695 165.601 0.0131033
0.0319589 4.23771 165.601 0.0131078
0.0319604 4.23785 165.601 0.0131086
0.0319587 4.23767 165.601 0.0131076
0.0319612 4.23799 165.601 0.0131093
0.0319542 4.237 165.601 0.0131036
0.0319324 4.23376 165.601 0.0130847
0.0319307 4.23346 165.601 0.0130829
0.0319063 4.2298 165.601 0.0130615
0.0318835 4.22635 165.601 0.0130411
0.0318778 4.22549 165.602 0.0130361
0.0318757 4.22518 165.602 0.0130342
0.0318737 4.22486 165.602 0.0130323
0.0318709 4.22445 165.602 0.0130297
0.0318594 4.22276 165.602 0.0130201
0.0318586 4.22263 165.602 0.0130193
0.0318343 4.21786 165.502 0.0130099
0.0318295 4.21706 165.502 0.0130052
0.0318123 4.21455 165.502 0.0129907
0.0317997 4.21265 165.502 0.0129796
0.0317989 4.21246 165.502 0.0129782
0.031785 4.21041 165.502 0.0129663
0.0317848 4.21037 165.502 0.0129661
0.0317838 4.21018 165.502 0.0129648
0.0317791 4.2095 165.502 0.0129607
0.0317753 4.20893 165.502 0.0129576
0.0317536 4.20565 165.502 0.0129381
0.0317578 4.20629 165.502 0.012942
0.0317562 4.20606 165.502 0.0129407
0.0317454 4.20443 165.502 0.012931
0.0317405 4.20368 165.502 0.0129265
0.0317422 4.20395 165.502 0.0129281
0.0317425 4.204 165.502 0.0129284
0.031742 4.20391 165.502 0.0129279
0.0317422 4.20394 165.502 0.0129281
0.0317459 4.20452 165.502 0.0129315
0.0317508 4.20526 165.502 0.0129359
0.0317453 4.20441 165.502 0.0129309
0.0317401 4.20248 165.402 0.0129382
0.0317404 4.20253 165.402 0.0129385
0.0316779 4.19311 165.403 0.0128831
0.0316572 4.19003 165.403 0.012865
0.0316284 4.18571 165.403 0.0128396
0.031588 4.17966 165.403 0.0128041
0.0315719 4.17722 165.403 0.0127896
0.0315698 4.17691 165.403 0.0127878
0.0315678 4.17663 165.403 0.0127863
0.0315626 4.17582 165.403 0.0127815
0.0315625 4.1758 165.403 0.0127814
0.0315577 4.17511 165.403 0.0127773
0.031556 4.17483 165.403 0.0127756
0.031555 4.17467 165.403 0.0127747
0.0315511 4.17412 165.403 0.0127716
0.0315303 4.16971 165.303 0.0127638
0.0315152 4.16747 165.304 0.012751
0.0315121 4.167 165.304 0.0127482
0.0314997 4.16509 165.304 0.0127368
0.0315007 4.16525 165.304 0.0127378
0.0315437 4.17181 165.303 0.0127764
0.0315398 4.17123 165.303 0.0127731
0.0315274 4.16931 165.303 0.0127618
0.0315257 4.16907 165.304 0.0127605
0.0315121 4.16699 165.304 0.0127482
0.0315233 4.16873 165.304 0.0127585
0.0315218 4.16846 165.304 0.0127568
0.031523 4.16866 165.304 0.0127579
0.0315219 4.16848 165.304 0.0127568
0.0315029 4.16557 165.304 0.0127395
0.0314685 4.15918 165.204 0.0127205
0.0314683 4.15914 165.204 0.0127203
0.0314664 4.15883 165.204 0.0127184
0.0314626 4.15825 165.204 0.0127151
0.0314614 4.15804 165.204 0.0127139
0.0314634 4.15838 165.204 0.0127159
0.0314627 4.15827 165.204 0.0127152
0.0314616 4.15809 165.204 0.0127141
0.0314491 4.15615 165.204 0.0127028
0.0314496 4.15623 165.204 0.0127033
0.0314496 4.15623 165.204 0.0127033
0.03145 4.15629 165.204 0.0127036
0.0314501 4.1563 165.204 0.0127037
0.0314516 4.15653 165.204 0.012705
0.0314524 4.15667 165.204 0.0127059
0.0314572 4.15742 165.204 0.0127103
0.031466 4.15877 165.204 0.0127181
0.0314739 4.15996 165.204 0.0127251
0.0314706 4.1594 165.204 0.0127217
0.0314602 4.15784 165.204 0.0127126
0.0314672 4.15896 165.204 0.0127193
0.0314813 4.16104 165.204 0.0127315
0.0314386 4.1534 165.104 0.0127052
0.031431 4.15227 165.104 0.0126985
0.0314302 4.15214 165.104 0.0126977
0.0314595 4.1566 165.104 0.0127238
0.0314558 4.15607 165.104 0.0127207
0.0314415 4.15389 165.104 0.0127082
0.0314485 4.15493 165.104 0.0127141
0.031437 4.15315 165.104 0.0127037
0.0314259 4.15146 165.104 0.0126937
0.0314197 4.15053 165.104 0.0126881
0.0314182 4.15028 165.104 0.0126866
0.0314206 4.15068 165.104 0.012689
0.0314177 4.15023 165.104 0.0126864
0.0313662 4.14122 165.004 0.0126519
0.0313654 4.14109 165.004 0.0126511
0.0313689 4.14163 165.004 0.0126541
0.0313779 4.14301 165.004 0.0126622
0.0313406 4.13725 165.005 0.0126282
0.0313233 4.13464 165.005 0.0126128
0.031302 4.13143 165.005 0.0125941
0.0312914 4.12979 165.005 0.0125844
0.0312942 4.13021 165.005 0.0125867
0.0312914 4.12979 165.005 0.0125844
0.0312859 4.12896 165.005 0.0125796
0.031252 4.12379 165.005 0.012549
0.0312422 4.12115 164.905 0.0125519
0.0312446 4.12153 164.905 0.0125542
0.0312429 4.12127 164.905 0.0125526
0.0312413 4.121 164.905 0.012551
0.0312387 4.12062 164.905 0.0125487
0.0312316 4.11957 164.905 0.0125426
0.0312256 4.11859 164.905 0.0125365
0.0312221 4.11808 164.905 0.0125336
0.0312204 4.11782 164.905 0.0125321
0.0312181 4.11751 164.905 0.0125302
0.0312159 4.11715 164.905 0.0125282
0.0312146 4.11691 164.905 0.0125267
0.0312106 4.11637 164.905 0.0125238
0.0312061 4.11566 164.905 0.0125196
0.0311962 4.11418 164.905 0.0125108
0.0311956 4.11408 164.905 0.0125102
0.0311923 4.11351 164.905 0.0125066
0.0312029 4.11513 164.905 0.0125164
0.0311991 4.11455 164.905 0.0125129
0.0311983 4.11447 164.905 0.0125125
0.031204 4.11531 164.905 0.0125175
0.0312124 4.11661 164.905 0.0125249
0.0312164 4.11723 164.905 0.0125287
0.0312357 4.12016 164.905 0.012546
0.0312363 4.12024 164.905 0.0125465
0.0312377 4.12046 164.905 0.0125477
0.0312376 4.12044 164.905 0.0125476
0.0312376 4.11932 164.805 0.0125593
0.0312372 4.11925 164.805 0.0125589
0.0312408 4.11981 164.805 0.0125623
0.0312376 4.11931 164.805 0.0125593
0.0312303 4.11821 164.805 0.012553
0.0312212 4.11684 164.805 0.0125449
0.031208 4.11482 164.805 0.0125328
0.0312021 4.11389 164.805 0.0125272
0.0311924 4.11243 164.805 0.0125189
0.0311736 4.10959 164.806 0.0125021
0.0311607 4.10761 164.806 0.0124904
0.0311112 4.10004 164.806 0.0124455
0.0310962 4.09779 164.806 0.0124323
0.0310961 4.09777 164.806 0.0124322
0.0310913 4.09703 164.806 0.0124278
0.0310899 4.09678 164.806 0.0124262
0.0310658 4.09316 164.806 0.012405
0.0310514 4.09096 164.806 0.012392
0.0310494 4.09063 164.806 0.0123901
0.0310342 4.0872 164.706 0.012388
0.0310366 4.08757 164.706 0.0123904
0.0310343 4.08721 164.706 0.0123881
0.0310072 4.08313 164.707 0.0123641
0.0310137 4.08409 164.706 0.0123697
0.0310154 4.08434 164.706 0.0123712
0.0310381 4.08781 164.706 0.0123917
0.0310427 4.08856 164.706 0.0123962
0.0310449 4.08887 164.706 0.0123979
0.0310659 4.09208 164.706 0.0124171
0.031045 4.08888 164.706 0.012398
0.0310592 4.09101 164.706 0.0124105
0.0309984 4.08063 164.607 0.0123675
0.0309974 4.08053 164.607 0.012367
0.0309946 4.0801 164.607 0.0123645
0.0309992 4.08076 164.607 0.0123683
0.0309987 4.08068 164.607 0.0123678
0.0309987 4.08068 164.607 0.0123678
0.0310004 4.08095 164.607 0.0123695
0.0309995 4.08081 164.607 0.0123686
0.0310035 4.08145 164.607 0.0123725
0.0309434 4.07233 164.607 0.0123185
0.0309425 4.07218 164.607 0.0123176
0.0309218 4.06907 164.607 0.0122993
0.030904 4.06629 164.607 0.0122826
0.0308968 4.06527 164.607 0.0122768
0.0308952 4.06499 164.607 0.012275
0.0308867 4.06373 164.607 0.0122676
0.0308848 4.06346 164.607 0.0122661
0.0308811 4.06279 164.607 0.0122619
0.0308755 4.06202 164.607 0.0122575
0.0308588 4.05945 164.607 0.0122424
0.0308575 4.05927 164.607 0.0122415
0.030856 4.05904 164.607 0.0122401
0.0308458 4.05748 164.607 0.0122308
0.0308397 4.05653 164.607 0.0122251
0.0308042 4.05114 164.608 0.0121932
0.0308 4.05055 164.608 0.0121898
0.0308049 4.05125 164.608 0.0121939
0.0307783 4.04611 164.508 0.0121815
0.0307615 4.0436 164.508 0.0121668
0.030755 4.04261 164.508 0.0121608
0.0307521 4.04211 164.508 0.0121577
0.030747 4.04145 164.508 0.012154
0.0307112 4.03594 164.508 0.0121214
0.0307121 4.03609 164.508 0.0121223
0.0306788 4.03106 164.508 0.0120925
0.030671 4.02985 164.508 0.0120854
0.0306567 4.02766 164.508 0.0120723
0.0306403 4.02526 164.508 0.0120583
0.0305925 4.01797 164.509 0.0120149
0.0305223 4.00622 164.409 0.0119634
0.030473 3.99877 164.409 0.0119193
0.0304646 3.99755 164.409 0.0119123
0.030449 3.99514 164.41 0.0118979
0.0304162 3.99017 164.41 0.0118684
0.0303856 3.98562 164.41 0.0118415
0.0303811 3.98491 164.41 0.0118373
0.0303497 3.98016 164.41 0.0118093
0.0302267 3.96154 164.411 0.0116989
0.0302205 3.96064 164.411 0.0116935
0.030218 3.96024 164.411 0.0116911
0.0302173 3.96013 164.411 0.0116904
0.0302025 3.95794 164.411 0.0116775
0.0301964 3.95696 164.411 0.0116718
0.0301923 3.95637 164.411 0.0116683
0.0301662 3.95141 164.311 0.0116566
0.0301648 3.95118 164.311 0.0116551
0.0301591 3.95031 164.311 0.0116502
0.0301558 3.94984 164.311 0.0116474
0.0301516 3.94912 164.311 0.011643
0.0301404 3.94747 164.311 0.0116333
0.0300855 3.93923 164.311 0.0115845
0.0300844 3.93905 164.311 0.0115834
0.0300475 3.93351 164.312 0.0115505
0.0300021 3.92665 164.312 0.0115098
0.0299942 3.92541 164.312 0.0115023
0.029967 3.92138 164.312 0.0114786
0.0299508 3.91888 164.312 0.0114637
0.0299475 3.91839 164.312 0.0114607
0.0299552 3.91957 164.312 0.0114678
0.0299583 3.92002 164.312 0.0114706
0.0299423 3.91664 164.212 0.0114684
0.0299392 3.91609 164.212 0.0114649
0.0299355 3.91553 164.212 0.0114615
0.0299412 3.91643 164.212 0.0114669
0.0299363 3.91565 164.212 0.0114622
0.0299215 3.91344 164.212 0.0114492
0.029911 3.91183 164.212 0.0114396
0.0299059 3.91112 164.212 0.0114355
0.0298966 3.9097 164.212 0.011427
0.0298901 3.90872 164.212 0.0114213
0.0298686 3.90549 164.213 0.0114021
0.0298508 3.90282 164.213 0.0113862
0.0298544 3.90336 164.213 0.0113893
0.0298241 3.89881 164.213 0.0113624
0.0298208 3.89827 164.213 0.0113593
0.029822 3.89847 164.213 0.0113603
0.0298047 3.89585 164.213 0.0113447
0.0297379 3.88487 164.113 0.0112973
0.0297373 3.88477 164.113 0.0112967
0.0297278 3.88333 164.113 0.0112882
0.029725 3.88287 164.113 0.0112855
0.029717 3.88172 164.113 0.0112786
0.0296208 3.86727 164.114 0.0111928
0.0296118 3.86589 164.114 0.0111844
0.0296115 3.86584 164.114 0.0111841
0.0296103 3.86565 164.114 0.0111831
0.0296094 3.8655 164.114 0.0111823
0.0296079 3.86525 164.114 0.0111808
0.0296062 3.86501 164.114 0.0111794
0.0295938 3.86315 164.114 0.0111682
0.0295927 3.86303 164.114 0.0111676
0.0295903 3.86263 164.114 0.011165
0.029577 3.86065 164.114 0.0111533
0.029568 3.85932 164.114 0.0111455
0.0295667 3.85909 164.114 0.0111442
0.0295641 3.85867 164.114 0.0111414
0.0295619 3.85841 164.114 0.01114
0.0295537 3.85716 164.114 0.0111328
0.0295411 3.85428 164.014 0.0111332
0.0295414 3.85431 164.014 0.0111334
0.0295475 3.85526 164.014 0.0111391
0.029568 3.85839 164.014 0.0111577
0.0295741 3.85917 164.014 0.011162
0.0295705 3.85867 164.014 0.0111593
0.0295632 3.85757 164.014 0.0111525
0.0295626 3.85747 164.014 0.0111519
0.0295451 3.85492 164.014 0.0111371
0.0295429 3.85456 164.014 0.0111349
0.0295438 3.85469 164.014 0.0111357
0.029542 3.8544 164.014 0.0111339
0.0295286 3.85243 164.014 0.0111222
0.0295021 3.84844 164.014 0.0110984
0.029502 3.84839 164.014 0.0110979
0.0294926 3.84699 164.014 0.0110898
0.0294682 3.84337 164.015 0.0110682
0.0294484 3.84043 164.015 0.0110508
0.0294609 3.84225 164.015 0.0110616
0.0294606 3.8422 164.015 0.0110613
0.0294598 3.84209 164.015 0.0110606
0.0294512 3.84079 164.015 0.0110531
0.029434 3.83817 164.015 0.0110372
0.0294264 3.83713 164.015 0.0110314
0.0294224 3.83645 164.015 0.0110271
0.0294216 3.83633 164.015 0.0110264
0.0293781 3.82888 163.915 0.0109996
0.029378 3.82886 163.915 0.0109995
0.0293524 3.82503 163.915 0.0109767
0.0293539 3.82528 163.915 0.0109781
0.0293485 3.82445 163.915 0.0109731
0.029346 3.82404 163.915 0.0109707
0.0293367 3.8227 163.915 0.010963
0.029321 3.82029 163.915 0.0109483
0.0293209 3.82027 163.915 0.0109482
0.0293208 3.82025 163.915 0.0109481
0.0293153 3.81945 163.915 0.0109435
0.0293109 3.8188 163.915 0.0109395
0.02931 3.81866 163.915 0.0109387
0.0292735 3.81325 163.916 0.0109066
0.0292748 3.81337 163.916 0.0109073
0.0292725 3.81306 163.916 0.0109054
0.0292235 3.80572 163.916 0.0108618
0.029172 3.79709 163.816 0.0108278
0.0291616 3.7955 163.816 0.0108183
0.0291605 3.79533 163.816 0.0108173
0.0291397 3.79225 163.816 0.010799
0.029133 3.79121 163.816 0.0107926
0.0291313 3.79098 163.816 0.0107914
0.0291268 3.79036 163.816 0.0107877
0.0291232 3.78978 163.816 0.0107843
0.0291212 3.78943 163.816 0.010782
0.0291203 3.78933 163.816 0.0107814
0.029121 3.78938 163.816 0.0107817
0.0291224 3.78967 163.816 0.0107837
0.0291226 3.7897 163.816 0.0107839
0.0291241 3.78993 163.816 0.0107852
0.0291223 3.78965 163.816 0.0107836
0.0291221 3.7896 163.816 0.0107832
0.0291277 3.7905 163.816 0.0107886
0.0291277 3.7905 163.816 0.0107886
0.0291221 3.7896 163.816 0.0107832
0.0291221 3.78962 163.816 0.0107834
0.0291233 3.7898 163.816 0.0107844
0.0291425 3.79263 163.816 0.0108011
0.029153 3.79424 163.816 0.0108109
0.0291514 3.79403 163.816 0.0108097
0.0291525 3.79415 163.816 0.0108103
0.0291453 3.79306 163.816 0.0108036
0.0291276 3.79049 163.816 0.0107885
0.0291098 3.78777 163.816 0.0107721
0.0291034 3.78682 163.816 0.0107665
0.0291014 3.78651 163.816 0.0107648
0.0291009 3.78644 163.816 0.0107644
0.0290741 3.78152 163.717 0.0107524
0.0290688 3.78068 163.717 0.0107473
0.0290515 3.77811 163.717 0.0107319
0.029049 3.77774 163.717 0.0107298
0.0290444 3.77706 163.717 0.0107256
0.0290351 3.77563 163.717 0.0107172
0.0290013 3.77041 163.717 0.0106861
0.0289922 3.76903 163.717 0.0106779
0.0289838 3.76777 163.717 0.0106704
0.028981 3.7673 163.717 0.0106676
0.0289792 3.76703 163.717 0.010666
0.0289794 3.76707 163.717 0.0106662
0.0289825 3.76754 163.717 0.010669
0.0289807 3.76725 163.717 0.0106672
0.0289791 3.76702 163.717 0.0106659
0.0289791 3.76702 163.717 0.0106659
0.0289797 3.7671 163.717 0.0106663
0.0289764 3.76664 163.717 0.0106635
0.0289721 3.76594 163.717 0.0106594
0.0289675 3.76527 163.717 0.0106555
0.0289676 3.76529 163.717 0.0106556
0.0289678 3.76532 163.717 0.0106558
0.0289655 3.76497 163.717 0.0106538
0.0289603 3.76412 163.717 0.0106485
0.028959 3.76391 163.717 0.0106473
0.0289589 3.76389 163.717 0.0106472
0.0289274 3.75814 163.617 0.0106304
0.0289389 3.76088 163.717 0.0106294
0.0289379 3.76072 163.717 0.0106284
0.0289364 3.7605 163.717 0.010627
0.0289355 3.76034 163.717 0.0106261
0.0289215 3.75722 163.617 0.0106247
0.0288788 3.75067 163.618 0.0105857
0.0288748 3.75004 163.618 0.0105818
0.0288303 3.74327 163.618 0.0105417
0.0288072 3.73972 163.618 0.0105203
0.0288036 3.73913 163.618 0.0105166
0.0287866 3.73655 163.618 0.0105016
0.0287394 3.72934 163.618 0.0104585
0.0287383 3.72916 163.618 0.0104574
0.0287363 3.72884 163.618 0.0104554
0.028709 3.72463 163.618 0.0104303
0.028699 3.72315 163.619 0.0104215
0.0286989 3.72312 163.619 0.0104213
0.0286925 3.72213 163.619 0.0104153
0.0286916 3.72198 163.619 0.0104144
0.0286979 3.72295 163.619 0.0104203
0.0286978 3.72293 163.619 0.0104202
0.0287081 3.72448 163.618 0.0104294
0.0286992 3.72318 163.619 0.0104217
0.0286962 3.72269 163.619 0.0104187
0.0286809 3.71942 163.519 0.0104163
0.028691 3.72101 163.519 0.0104259
0.0286897 3.72079 163.519 0.0104246
0.0286881 3.72056 163.519 0.0104233
0.0286853 3.72009 163.519 0.0104204
0.0287038 3.72292 163.519 0.0104372
0.0287037 3.72291 163.519 0.0104372
0.0287031 3.7228 163.519 0.0104366
0.0287153 3.72469 163.518 0.0104478
0.0287101 3.72393 163.519 0.0104433
0.0287128 3.72428 163.519 0.0104454
0.0287001 3.72237 163.519 0.010434
0.0286997 3.72234 163.519 0.010434
0.0286956 3.72162 163.519 0.0104295
0.0286879 3.72052 163.519 0.0104231
0.0286854 3.72011 163.519 0.0104206
0.0286755 3.71858 163.519 0.0104114
0.028685 3.72002 163.519 0.0104199
0.0286774 3.71888 163.519 0.0104131
0.0286772 3.71885 163.519 0.0104129
0.0286703 3.71783 163.519 0.010407
0.028663 3.71668 163.519 0.0104001
0.0286487 3.71451 163.519 0.0103871
0.0286473 3.71426 163.519 0.0103855
0.0285892 3.70446 163.419 0.0103441
0.028562 3.70027 163.419 0.0103189
0.0285565 3.69948 163.419 0.0103144
0.0285547 3.6992 163.419 0.0103128
0.0285365 3.69645 163.419 0.0102964
0.0285344 3.69612 163.419 0.0102944
0.0285332 3.69592 163.419 0.0102932
0.0285104 3.69242 163.42 0.0102723
0.0285004 3.69091 163.42 0.0102632
0.0284983 3.69055 163.42 0.010261
0.0284977 3.69045 163.42 0.0102605
0.0284967 3.69036 163.42 0.01026
0.0284896 3.68923 163.42 0.0102532
0.0284668 3.68482 163.32 0.0102438
0.0284148 3.67692 163.32 0.0101968
0.0283622 3.66887 163.32 0.0101485
0.0283619 3.66881 163.32 0.0101481
0.0283616 3.66876 163.32 0.0101478
0.0283578 3.6682 163.32 0.0101445
0.0283453 3.66627 163.32 0.010133
0.0283441 3.66611 163.32 0.0101321
0.0283271 3.66352 163.32 0.0101166
0.0283252 3.66322 163.32 0.0101149
0.0283251 3.66319 163.32 0.0101146
0.0283225 3.66283 163.32 0.0101125
0.0283164 3.66186 163.321 0.0101066
0.028305 3.66012 163.321 0.0100962
0.0282901 3.65791 163.321 0.0100829
0.028277 3.6559 163.321 0.010071
0.0282733 3.65528 163.321 0.0100672
0.028264 3.65391 163.321 0.0100593
0.0282628 3.65373 163.321 0.0100581
0.0282336 3.64929 163.321 0.0100315
0.0281961 3.64267 163.221 0.0100088
0.0281857 3.64107 163.221 0.00999925
0.0281547 3.63633 163.221 0.00997081
0.028133 3.63301 163.221 0.00995081
0.0281041 3.62868 163.222 0.00992537
0.0281022 3.6284 163.222 0.0099236
0.0280944 3.62716 163.222 0.00991607
0.0280943 3.62715 163.222 0.00991598
0.0281007 3.62817 163.222 0.00992217
0.0281009 3.62818 163.222 0.00992229
0.0281031 3.62851 163.222 0.00992425
0.0281012 3.62823 163.222 0.00992259
0.0280912 3.62665 163.222 0.00991295
0.0280947 3.62721 163.222 0.00991634
0.0280519 3.61985 163.122 0.00988904
0.0280343 3.61712 163.122 0.00987283
0.028037 3.61748 163.122 0.00987482
0.0280568 3.62054 163.122 0.00989334
0.0280641 3.62167 163.122 0.00990015
0.0280641 3.62167 163.122 0.00990014
0.0280689 3.62241 163.122 0.0099044
0.0280691 3.62245 163.122 0.00990462
0.0280692 3.62246 163.122 0.0099047
0.0280698 3.62255 163.122 0.00990526
0.0280702 3.62262 163.122 0.00990568
0.0280615 3.62126 163.122 0.00989749
0.0280233 3.61548 163.122 0.00986292
0.0280195 3.61487 163.122 0.00985922
0.0280135 3.61403 163.122 0.00985437
0.0279884 3.60924 163.022 0.00984231
0.0279863 3.60891 163.022 0.00984023
0.0279724 3.60683 163.022 0.00982792
0.0279485 3.60318 163.022 0.00980616
0.0279421 3.60227 163.022 0.00980066
0.0279344 3.60104 163.022 0.0097931
0.027912 3.59764 163.023 0.00977292
0.0279095 3.59725 163.023 0.00977053
0.0279033 3.59633 163.023 0.00976502
0.0278871 3.59387 163.023 0.00975015
0.027887 3.59385 163.023 0.00975001
0.0278446 3.5874 163.023 0.00971136
0.0278423 3.58709 163.023 0.00970959
0.027834 3.58585 163.023 0.00970225
0.02782 3.58367 163.023 0.00968921
0.0278208 3.58381 163.023 0.00969008
0.0278149 3.58206 162.923 0.00969641
0.027815 3.58208 162.923 0.0096965
0.0278212 3.58301 162.923 0.00970194
0.0278208 3.58295 162.923 0.00970157
0.0278193 3.58273 162.923 0.00970024
0.027818 3.58251 162.923 0.00969885
0.0277717 3.57548 162.923 0.00965671
0.0277592 3.5736 162.923 0.00964558
0.0277572 3.57332 162.923 0.00964387
0.0276919 3.56251 162.824 0.00959569
0.0276899 3.5622 162.824 0.00959385
0.0276592 3.55762 162.824 0.00956624
0.0276476 3.55586 162.824 0.00955596
0.0276465 3.55569 162.824 0.00955489
0.0276409 3.5548 162.824 0.00954931
0.027617 3.55121 162.824 0.00952794
0.0276093 3.55002 162.824 0.00952068
0.0276 3.54867 162.824 0.00951274
0.0275642 3.54235 162.724 0.00949135
0.0275737 3.54381 162.724 0.00949992
0.0275734 3.54377 162.724 0.00949969
0.0275636 3.54228 162.724 0.009491
0.0275635 3.54226 162.724 0.00949086
0.0275519 3.54053 162.724 0.00948045
0.0275457 3.53957 162.724 0.00947469
0.0275456 3.53954 162.724 0.00947451
0.0275453 3.5395 162.724 0.00947428
0.0275547 3.54091 162.724 0.00948273
0.0275303 3.53722 162.724 0.00946053
0.0275186 3.53551 162.725 0.00945037
0.0274829 3.52921 162.625 0.00942899
0.0274759 3.52816 162.625 0.00942271
