1.1439502893675197 7.48284 212.362 0.9229087594992276 0.5715056566218241
0.9606184282145562 4.84495 163.825 0.7730638423181095 0.26897774378640477
0.5271569047886325 11.7997 354.354 0.23297845955225496 0.2582151906482269
0.877875940186865 11.7958 320.089 0.5807886151965592 2.1477424953112236
1.9256743708231159 10.5213 210.703 1.7725385918024323 -1.0236320956510343
1.998756557143124 6.54068 139.096 1.8518412423339006 2.3481914432421185
2.035014207161647 7.23138 149.96 1.8876931119816602 -0.6776587130220743
0.9816273152415177 5.08388 168.651 0.7893488165993301 -0.43573573862545995
0.8683541600023867 4.40405 160.156 0.6661930390943004 2.0411641543184946
0.5251687498286415 11.7958 354.343 0.23228746675571404 0.1415361892058521
0.31336282358924616 10.2032 358.449 -0.062152181973738105 2.091485382575422
0.669095302208402 11.7958 341.277 0.3605366448529547 0.23003056763271257
0.742616387045893 4.33917 165.554 0.5741190477277783 1.7382023061660732
1.9866166340839482 10.5385 208.952 1.8080678596983728 2.460968644059557
0.39695398755343325 11.1557 361.996 0.0576235210860032 2.145879074583446
0.38477134334472374 11.1557 362.989 0.048575539577637085 2.0846167875348076
0.7437314838650898 2.33172 97.6975 0.6164056160965311 -0.7683135924681098
0.13078538278116342 0.9525 65.3998 0.07395340202512703 -0.41857574867149583
1.577248497803086 10.8433 240.936 1.37256573212147 -2.3049318465350264
0.1386645123284889 0.9525 65.3586 0.07438483960634543 -1.8489692261395074
0.13535447612385948 0.9525 65.4967 0.07295358985099665 1.1707488347423414
1.294146688541033 3.36702 98.6598 1.2026980850486744 -1.617072921771666
1.8953283854252605 6.14447 134.252 1.7938285543891657 2.245314426995251
1.9364943102037524 10.5385 211.654 1.760970804357814 -2.336751375572497
2.0394610966010407 7.239 149.812 1.893821367334465 -0.8076107549491772
2.091805865074919 11.4681 217.617 1.9051263069067552 -0.8974547623828594
0.7032859448845518 11.7958 334.956 0.42458623864785294 0.774857363846757
1.9244677648746489 6.27781 135.134 1.830900280456636 1.2098215290770173
1.4034826089326662 11.4681 266.336 1.1590065027510401 0.5254239863776702
0.527160079416803 11.7958 354.728 0.2286760845530406 2.1301002920489744
1.2593885111312288 3.15528 95.8738 1.1365764339438276 2.3558698168533616
1.5584928347070972 10.8356 240.95 1.370508224168389 -1.7713978603018303
1.3928993495271678 3.43183 96.489 1.2883927200591228 1.0296147353821785
1.119717020336584 7.49046 214.005 0.9031850477702793 1.8550916135822444
1.98798886193395 6.63578 139.98 1.8712690353601722 1.2891836018860081
2.0271804727281366 6.59677 137.989 1.900385331861249 -1.7346598002552567
0.29643467312106386 10.2032 355.969 -0.040045169477555854 -0.8906242739247312
1.4287067633774189 11.4605 266.199 1.1592414635271127 -0.6504757692196401
2.0646224253190697 7.27124 149.204 1.9192174562041429 -1.3497498440329894
0.9474296972099407 5.06947 169.373 0.774834443439049 -1.5189687178282396
1.9269065416865405 10.5156 210.377 1.7769868781411353 -1.3262922852370032
0.9922529112560515 4.78897 160.836 0.7950159108577672 0.3990093148177242
0.9355559456844622 4.86025 165.38 0.7570883547030381 2.2807565909904612
0.20155980630434248 11.1557 384.339 -0.1404011563782726 0.8410692239511137
2.005865657851831 5.40258 114.96 1.91205147892195 0.07372994829945263
0.976218315233025 4.95032 166.751 0.7693679297339738 1.124576361576189
0.5757645550893024 11.7881 355.556 0.21929325599355454 -0.917562373706073
1.1707606158167392 3.06706 96.3804 1.0738946454745255 0.23626669190829308
0.2631809336423775 11.1557 382.448 -0.12405806465181915 0.9455550620936459
0.5601132391326391 11.7958 354.359 0.23224678641799995 -1.684142546895398
2.0667859812360945 11.4701 219.292 1.8758551494210138 1.8658459709569364
0.8898344249734524 10.2108 291.42 0.5962650217287588 -1.6237505504425882
1.223921452594539 3.13182 96.2385 1.1155792050382234 -1.207683920824572
1.9962611863185686 5.39586 115.081 1.905315487559986 0.2188348864071593
1.221053280010707 7.49046 209.651 0.961537068296015 -1.814585646566815
0.12348798806292524 0.9525 65.3583 0.07439859060501922 -2.076498353239327
1.970822157215506 7.20852 151.271 1.850918298498754 0.43145848620518795
0.9774796661146504 5.12012 168.918 0.7980070395746958 -0.689771903273381
0.914945815593159 4.6589 162.275 0.7286959091004324 0.39575999300949594
1.9322575185861703 7.2009 153.371 1.8039347809490172 2.078946492514868
1.0296614479592006 5.13706 165.343 0.8537272460591554 -1.5327016560586648
0.5758648340859616 11.7881 355.72 0.21772849687564402 -0.9301862750570953
1.9200687986401248 6.27126 135.083 1.828779255031602 1.2653942125389885
1.9347346576222288 7.2009 152.245 1.827443583550585 1.2142801383086024
1.3886782648335882 11.4593 266.673 1.1524849162927404 2.0453150078492333
0.5511817526450737 11.7958 354.315 0.23263640092486265 -1.0876308875153842
0.9173673463914715 11.7958 317.1 0.6132083275305739 2.442898199703316
2.05789942015618 11.4681 218.106 1.8964469501565775 0.23382701708757564
0.7685026747239481 4.46781 166.055 0.6123201921571289 1.2898082840823462
0.9383806347631026 4.7229 162.167 0.7524871043577658 1.0273282654273967
2.065919137301553 11.4681 217.933 1.8995139569700081 -0.13995252908203418
0.5761119328037406 3.73356 163.324 0.3897747352492561 0.4504927079973234
0.804952640255808 11.7958 326.807 0.5091994520963272 1.5099185529594674
2.096595460407609 9.0678 178.129 1.9478071392076843 0.5723685740532287
0.7555488101327853 2.3622 97.2578 0.6411187740555988 -1.2259023574222168
1.3354921170023182 3.24612 94.4912 1.2211801084899487 1.5182465373555851
0.4332165734853773 11.1557 357.628 0.0977844625331138 2.422167094330837
0.6479251774702358 11.7936 343.126 0.3416538931529024 0.07540928901932852
1.3969163218565428 3.44448 96.463 1.2964620186579345 0.8435733201133336
1.9382911646033656 6.72195 144.596 1.8049322221168669 0.6706910638913598
0.4469288949012322 11.7958 369.464 0.08980200382931543 -1.9408760889609142
0.7976238694677668 2.4384 96.5089 0.6975303203833246 -2.28808481557412
0.6299725450261989 11.7881 347.499 0.2975050883198247 -0.28158983636843776
1.9210157980896279 10.5385 212.025 1.7545162624250743 -0.6395143920407658
1.9475477097368923 11.1557 220.536 1.7723436929033125 1.8988718915419205
1.5433015626579272 10.8356 241.551 1.3615847351691075 0.6383569453272318
2.07671504530848 11.4681 218.53 1.8889256405533885 1.087613695684182
0.36407030470739193 11.1557 366.223 0.01925270008163288 1.886133821273144
1.878892047608404 10.5232 214.183 1.713450760739227 1.843368521293649
1.0494176070782837 4.87186 159.734 0.8403013778527436 0.8220163706420257
2.056162585061652 10.5385 205.245 1.8744850465873109 -2.4161456710269866
1.443891071897274 3.52044 96.3349 1.3448726248132028 -0.19945847050699642
0.9446286753965301 4.65582 161.011 0.7449520660036116 1.405233924658279
1.5416390996991105 10.8433 241.689 1.361355487332953 0.8913290972302726
0.0015699500850685762 10.1956 398.616 -0.3991439631657338 -1.9838100779480385
1.948253549658043 11.1568 220.48 1.7734844249866388 2.021522276930105
2.0478354269710497 5.40258 114.123 1.933664157824033 -0.9654337322353205
0.0397512627127263 11.1404 402.261 -0.29351438419764525 -0.09129799850068
0.5405860376603574 11.8034 354.314 0.2338281630127086 -0.31065809273124223
0.5393849192238993 11.8034 354.505 0.23190071707091078 1.2465336401814915
0.3232949503678537 10.2032 358.689 -0.06428301331098162 2.327553514098185
1.8854077059135896 6.52799 143.489 1.7512947320716619 2.1134444487462627
1.5347815364841044 10.8356 241.815 1.3576989872903953 1.116851412758845
0.7413215180600111 4.3348 165.536 0.5728246712340818 1.7540576812533917
0.838811645164271 11.7958 325.132 0.5268873822902952 1.6657828640665886
1.3810909279774573 11.4605 266.2 1.1593102325384317 -2.23270545871776
1.9060788751661963 11.1557 222.071 1.7464337857191805 -0.888188909881401
0.9745144213399147 4.76552 161.131 0.7826617699053333 0.28877252426473915
1.0301041948395941 5.13645 165.339 0.8535897209243679 -1.5282424536431838
0.9536132948919126 4.92594 166.295 0.7680328179140195 1.501670842118364
1.4278326081700983 11.4633 266.203 1.159911961458735 -0.6146981033266922
1.8748145959115117 10.5385 214.131 1.7184090691060359 1.8780564884388475
1.54464272608294 10.8433 240.962 1.3721416217022584 -1.6123498740769728
0.48180779078074615 11.7947 367.526 0.10758148361713547 -1.8033042149756469
2.059523594131383 11.4681 218.01 1.8981381027733382 0.026572580279384833
0.6628503081374406 2.23266 99.1595 0.5370131288650284 0.5494743751269553
1.8957531502790166 10.5232 213.255 1.7292772675580637 1.137327156455317
1.1753250196501233 7.48284 211.474 0.934839308610513 -0.17270177307936496
0.8019228690100516 4.54954 166.382 0.6364546077301322 1.0033634074163194
1.9145640135884723 10.5308 212.694 1.7409365749813577 0.7112536966819224
0.3471203479760725 10.2032 357.212 -0.0511582624091661 0.7462241400121081
1.929256845911421 6.2922 135.22 1.8356124053871727 1.109160868156162
0.8913512003963734 4.71943 167.973 0.6741691572357887 -1.9822736308983244
0.12554410073688602 0.9525 65.451 0.07341940491845378 0.5838311782226132
0.6451991601375731 4.06146 165.76 0.4760182393545047 -1.480120333442208
0.4063572862991093 11.7958 373.66 0.051363209494507595 -2.2317937639849355
0.4317075080915266 11.1557 360.172 0.0743281167368613 2.2606586388914556
0.9046824838367461 10.2108 291.838 0.5916925728187579 -2.0905279055053487
0.5510525364187356 11.7958 354.315 0.2326352549998267 -1.08986582640614
2.072600918247884 11.4681 218.969 1.881175056795532 1.888042806045751
0.5227300129600212 2.07475 101.434 0.4147528731769369 2.3260339230666314
0.6678366301116444 4.16062 169.046 0.4713307114446637 -2.476280827586971
2.0858817129022644 9.03237 177.998 1.9392192912523811 0.9077005190175053
0.7016441581029428 11.7958 338.592 0.3876037482076415 0.4586255268918583
1.4121278760621194 3.48234 96.4018 1.3206758005126298 0.3647743255934814
1.195402142401048 3.21993 99.5535 1.0995735033406377 -0.6850045513321545
0.7021496475142569 4.19075 166.896 0.5066061432239855 -2.376037935188236
0.33359764149539484 11.1557 374.213 -0.05208542308956775 1.413103015061511
2.058678181887605 7.14792 147.136 1.9174689549816155 -2.2525966000792357
1.0042111394913549 5.06029 165.726 0.8219361482954389 -1.9740525167817622
1.559978670778547 10.8423 241.255 1.3676999292575105 0.009420858588888291
1.9359831156845058 11.1557 221.276 1.759824347677234 0.4304706790230483
0.8259105875956827 4.70431 167.026 0.6808732321527403 0.4470027150252951
1.9231650485793528 10.5385 211.794 1.758528852476366 -1.494472031693118
1.0368819304070138 5.33681 170.382 0.8512632548055618 -2.317931376610063
0.5387591255658419 11.7974 354.403 0.2319230626079672 0.6431414420980042
0.18931187808967834 11.1515 388.178 -0.17391358435972915 0.632993730285122
0.2892674227271476 11.1557 377.199 -0.07833137640468914 1.0918256972597071
0.5976965749297481 3.78714 163.807 0.4032768090678848 0.09730604208083757
0.757922815309084 4.36633 166.429 0.5733111367345711 -1.605385691452776
0.5235561348230121 11.7976 354.347 0.2325011817712629 0.1823515745965185
2.063569382705706 5.39532 113.589 1.9437138604349924 -1.665496264072301
1.9697406717213661 7.20852 151.264 1.8510788104355649 0.42453237913647257
2.016762740537025 11.4681 220.888 1.8477711209575278 0.3226863794626815
1.898602737107758 6.6226 144.015 1.7779269812636838 1.4165532728575783
0.32452676369506595 11.8017 383.572 -0.037243978179728104 1.464754261062131
1.9844337856771124 5.39522 115.451 1.8958163512988817 0.6555639649155685
1.985211073109446 5.39762 115.488 1.8963666921073825 0.698750811089353
1.396958190194111 11.4612 266.18 1.1596598083717988 -1.66518673612529
0.6693607050094268 4.16379 168.991 0.4730525080901167 -2.458284728913467
1.913308673686774 10.5156 211.266 1.7615096392412957 -0.5163273325132955
2.008921315070248 11.4724 222.203 1.8263142826872223 -0.678443720170466
0.6479423662040897 11.7936 343.125 0.34166993625640246 0.07552388067775485
0.5364661661676156 3.5814 161.524 0.35655565614368906 1.7232011574016852
0.538497332369482 11.7958 354.31 0.232646141287672 -0.443778011123576
0.9105082640254418 4.94797 168.361 0.7471753307272638 -0.6925967907493709
0.11002507534897714 11.8034 408.94 -0.25518650534566956 0.28906244459503155
1.505609625931215 3.59746 95.4883 1.4101800431985123 2.272293054114103
2.0171183144099607 6.56757 137.677 1.8950539002595537 -1.4224622811240857
1.6411199873930815 3.79476 93.7779 1.5725540438033525 -1.0228871317163548
0.5451592753497443 3.57378 161.031 0.3593500258437472 2.08486332256384
1.3283343323637664 3.23952 94.591 1.214658375419486 1.5788360366542002
0.8708740132249604 10.2108 290.984 0.6010380206951204 -1.1111551356215146
0.8642561932948458 4.37364 159.862 0.6591108070882319 2.2881994985722716
2.0580569618380578 11.4681 218.146 1.8957303605633602 0.3236100021184366
1.8860743143800154 10.5385 213.501 1.7291511594139704 1.3540138368871084
1.1354594371514486 7.48284 212.734 0.9179864168742827 0.8695082881430141
1.936169231047999 11.1557 221.252 1.7602313397181235 0.4728193063231425
1.5534178258937064 3.5052 90.9715 1.464129533015533 -1.473689610661011
1.5453584789936143 10.843 242.354 1.351526506812199 1.966376073853136
0.43845351556742046 11.1557 359.083 0.08436462807113253 2.329744021788871
0.33440107502313043 11.1557 372.495 -0.036869320999131996 1.5127900704630344
2.022809523257724 6.95706 145.865 1.8706040498176302 -0.8483293882031845
0.7460179520063475 4.356 165.59 0.5787315914049874 1.7054831013318241
0.34752298263841314 11.1557 367.882 0.004313759136569718 1.7865369724110745
1.5368775261456826 10.8378 241.783 1.358598783809206 1.0587831313312013
0.13825448493591394 0.9525 65.5682 0.072222495117688 2.0229498309098872
0.5452120857620116 3.57378 160.803 0.36182467956817793 2.2557273722896896
0.8865637554047179 4.5339 161.351 0.6969687801648365 1.092559216504119
1.9338191294380227 7.2009 152.891 1.8139321470891687 1.7160416902128837
1.2499138569715198 3.15587 96.2062 1.1303471638261058 -1.7078619314344181
1.221073423385523 3.06696 94.5908 1.1108686028569452 -0.9913466618904854
1.0038320533851066 4.80038 160.729 0.8004022361686749 0.44026166449429277
1.0161440100219337 5.07492 166.369 0.8181599696586851 -2.3862970084539596
2.0454397596222713 10.5537 206.23 1.8609101943187996 -0.8949391699368022
1.977667052106587 11.4757 223.43 1.8060959041709612 -1.5591762131834441
2.0325227158551886 6.61409 138.147 1.9039281632520406 -1.8923423289815464
2.0092344432045612 5.40258 114.844 1.915026789050628 -0.06417243238704291
1.1565116730061762 5.0921 156.396 0.968969385585343 2.1565149373054893
1.4214358252703716 3.3528 92.8186 1.3242405475056778 0.4551378219081611
0.9126396784407845 4.64788 162.203 0.7256990984617344 0.44876404110121354
2.0788611939875796 11.4681 218.573 1.8881689252336686 1.1714766431703472
0.3437721849837244 11.1557 370.689 -0.020809082731487488 1.6191134651933268
1.3275917276582827 3.43647 98.2351 1.2521958092734071 -2.0796115614515163
2.008860802457301 10.5461 207.097 1.8431908124214154 0.28059173187792213
0.4961767677791913 11.7881 366.194 0.118868201279846 -1.707947913300474
1.1900631385035587 5.12826 155.652 0.9937190631148005 2.4658146156519214
1.5699789621172364 10.8433 240.94 1.3725026886760172 -2.1037549010353813
1.9592946980224508 7.20852 151.641 1.8430704290019155 0.7321282051879712
2.0099105316100996 11.4681 221.629 1.8349818283391588 -0.24992269094296118
1.1329333091490374 7.48284 213.478 0.9081073701297058 1.4535034513785683
0.1295838972284668 0.9525 65.488 0.07304526317262336 1.0726625700554944
2.0861958422739657 9.03044 177.991 1.9387262652578916 0.9244272949768193
1.3693068074299455 3.39913 96.554 1.2675032124049854 1.4870611790492654
1.3968555747843105 11.4664 266.182 1.1609434970484 -1.7747971276010217
0.5270036619387323 11.7958 354.728 0.2285190928676521 2.1323421077417826
0.40636530770824114 11.7958 373.659 0.05137209034390122 -2.231730690785338
0.43104488506960764 11.1557 360.194 0.07412185175753268 2.2592480655728764
0.3333815534382852 11.1328 368.123 -0.0010245344814177805 -1.6236473766131547
0.7368917025053898 4.18338 163.321 0.5479192963628459 1.1224789328040679
1.3206876692997804 3.32232 96.7236 1.2184865964332725 2.4979762583009855
0.8849820191349995 4.48102 160.849 0.6846263721748989 1.4845450483561728
0.6171350138120812 11.7881 349.014 0.28264638335047604 -0.4039362998525251
0.9258478172985953 10.2108 288.382 0.6298308111966873 1.1995232012693062
0.348411769427254 10.2032 357.177 -0.0508426198347826 0.7022231948342603
0.8678622844654994 4.3492 158.496 0.668043818225437 2.226455487297559
0.9618616865721358 4.88781 165.874 0.759781492286925 1.8579865700748832
1.4030406420667187 11.4681 266.337 1.158995041250267 0.5298812140761916
0.5388031103365448 3.5814 161.446 0.35741568248727534 1.7809135315564855
0.2847622069726788 11.1557 379.804 -0.10112481151149985 1.0934016177323214
1.5410976875696685 10.8433 241.715 1.3609829596456913 0.9387703245197893
1.9246893101372797 10.5156 210.614 1.7728424048331555 -1.1039345184098466
2.0855605386316682 11.4757 217.695 1.9054817372421002 2.069698623284179
0.3436159412834321 11.1557 369.068 -0.006327917789627645 1.7148780643737738
0.7459721153827371 4.35586 165.59 0.5786800225730122 1.7056837254437383
0.8974673899106913 11.7958 319.196 0.5904262687130158 2.235182518961689
1.4030605179898148 11.4681 266.35 1.1588116572442047 0.622467863853047
0.13857945559397283 0.9525 65.4995 0.07292723377106357 1.2317134858676584
0.5716856699242108 11.7881 357.1 0.20452975146850463 -1.0359469477122536
1.99707652839393 5.39532 115.103 1.9048740660681012 0.24502672091276884
0.4755456071134861 11.8002 365.902 0.12322326320060087 2.385339338794056
1.5427981636997157 10.8433 241.095 1.370135695062341 -0.49983352086888655
0.36352746314029655 11.1557 366.267 0.018852775518519282 1.8834795906701305
1.3945652007753309 11.4681 266.636 1.1549262114034495 1.9091335015513247
0.732909440847678 4.18501 163.413 0.5471446220518297 1.0571785759635977
2.0388424302241233 7.239 149.729 1.8956501025473949 -0.8811177678318478
0.8711514320640515 10.2108 289.968 0.6122342435804136 -0.01584680960398491
1.2119645047843457 7.48284 210.287 0.950912951215689 -1.229209082807801
1.1141747435406175 5.02351 157.443 0.9281691983804509 1.7286581912947248
1.0429226962413531 5.22732 165.792 0.8788428570814428 -2.1322102361400677
0.7414664124190045 4.33287 165.528 0.5722534037909361 1.761062520922722
0.5323838248556719 11.7881 360.858 0.1688549173539498 -1.3176956301023153
0.8804176078829409 10.2108 291.179 0.5989007709443529 -1.343898328370867
1.9152431255597555 11.1632 222.834 1.7351986275870834 -1.9946455100396352
1.9337477646208356 11.1557 221.191 1.7612516863521015 0.5812985738566869
1.9330593978136923 7.2009 152.572 1.8205818019311168 1.4713855594276548
1.9770249603505932 11.4757 224.437 1.789001890747444 -2.2464382875568467
2.088458891151887 11.4757 217.676 1.905831434901691 2.0503946581384236
1.9673661141049883 10.5156 209.401 1.7940750470543871 -2.26092240478607
0.9789735891706817 5.06458 168.44 0.7857732221766308 -0.24629984483598427
0.48671142529652045 11.8032 364.92 0.1328398108545628 2.4391075090290504
1.911458649418533 6.6619 144.289 1.7875859953915316 1.063694222033211
0.9493335661216622 5.05968 169.213 0.7738488660248616 -1.3920003865925943
0.9431436600765504 4.65988 161.136 0.744459280675615 1.3644503349617527
2.001872723074163 11.4757 222.91 1.8149639884775892 -1.1937064111152023
0.3314008171665762 10.2032 357.437 -0.053159891295965114 1.0098388298061276
2.0059219266812387 10.5465 207.247 1.8404907862533697 0.4690514085864217
2.044410644709857 11.4681 219.217 1.8767379777567523 2.3244856621898484
0.9769346201379371 4.81974 163.302 0.7712130205763751 -0.34114567056659745
1.9570410450539377 7.20852 151.786 1.8399691256180581 0.8525296315087243
1.0051490565368406 5.06198 165.979 0.8189679226032407 -2.138585954352884
1.5399390000576934 10.8433 241.734 1.3606505503733335 0.9746997878368345
1.9040696324083308 10.5232 212.868 1.7359094213234665 0.8282393375936064
2.0020527532357617 7.21025 150.576 1.8661326018489204 -0.1485199941478525
2.0672642530860834 11.4681 218.374 1.891700266213312 0.7928556525769358
1.0151928544547633 4.97841 164.599 0.8089573397598873 -0.5110685145063804
2.0759822196298536 11.4681 217.847 1.9010503287845932 -0.3403996663227914
0.7242021579376626 11.7958 333.846 0.4359706581185405 0.8731527211377822
1.9257382508400083 10.5308 211.602 1.7597842217061825 -0.9549528624140409
1.4165608045409719 11.4619 266.233 1.1590294257527254 -0.28324513154725767
0.07390945713132933 11.1404 403.977 -0.3076460097553977 -0.1756788755415461
0.9928211725867009 4.90074 164.264 0.7863405037794651 -0.08430561335430446
1.976539471035095 11.4757 224.695 1.7846338284236638 -2.4192194609159823
1.915473656046614 10.5385 211.979 1.7553245120138876 -0.760268549263093
1.621944028400131 3.76428 93.8897 1.5510658731670781 -0.5613397426446326
0.9620026280367613 4.79361 163.125 0.7646062238196385 -0.21566468813708123
0.43399514493676233 11.1557 358.246 0.09208467056073819 2.3829136276083784
0.9089622688257415 10.2108 288.974 0.6232585923336036 0.7794414478858098
1.6438148286680758 3.80641 93.7477 1.580091291148598 -1.164748720481043
1.3874036006989396 11.4564 266.686 1.1516883439279386 2.091972721428282
1.2747844960265 3.17754 95.5795 1.156421935499946 2.182058513079704
0.14455398299146233 0.9525 65.5756 0.0721462916704592 2.1082556597766433
1.9023743272382838 11.1557 222.167 1.7448172945548301 -1.0410241877315816
0.8251231265532751 11.7958 326.028 0.5174079748855387 1.582005699007361
0.149938330552246 0.9525 65.3711 0.07425535103571053 -1.2622364469228697
1.4024547519473836 11.4681 266.344 1.158897618495568 0.5786914823134106
1.4038679583930107 11.4605 266.177 1.1595853086004124 -1.4208804306797296
0.3308134482935348 10.2032 357.501 -0.05372545818156933 1.0821581595208918
0.9989155495285679 5.01945 165.187 0.8150656832892762 -1.6239683618775773
1.938275699869477 6.32238 135.437 1.8427264764196205 0.8732501352756787
0.9490468386742087 5.05968 169.218 0.7737858349189572 -1.396098247705835
0.5012185762493265 11.7881 364.83 0.13157414371569132 -1.6095584663343254
1.9163130238440855 10.5385 212.948 1.7386322223839488 0.7948898480092946
1.3475552197062077 3.36284 96.6319 1.2440693396255877 1.9636701218129162
1.9196496888148673 11.1633 220.806 1.7701138216640304 1.3339547956793736
0.549736353904402 11.7881 358.448 0.19169255530341925 -1.1377111138458242
0.0054825188368386206 10.1956 397.757 -0.39226429484452086 -2.2937903058638964
0.34320680307896206 11.8034 378.035 0.012607191538452318 1.7431721436260472
0.35230670714532764 11.1557 371.854 -0.031161457140011888 1.459962773337788
0.5440827892745507 3.57213 160.763 0.3616797183566776 2.284999846364125
2.096425620131454 11.4681 217.568 1.906026348382122 -1.0154948066398977
1.5444553705273874 10.8364 242.377 1.349503403814556 2.002230354943375
0.30198560016820963 10.2032 355.396 -0.034898689571977524 -1.8201805289615842
0.9315979221045638 10.2108 287.719 0.6372224186034336 1.6300040407281515
0.6266581903401762 11.7881 347.793 0.29461734248016075 -0.30515933736714923
0.7982840099154636 4.43273 165.598 0.606722077729458 -1.3205095986072681
0.7295125119330991 4.18927 163.455 0.548122132700467 1.025024605623905
1.9518924037531964 7.20651 151.877 1.8372289766536878 0.9219747172445533
1.9351775637976145 10.5385 212.62 1.7442784644755027 0.3994407625108344
0.5595081631097549 3.66182 162.696 0.37156344267409375 0.8952887168476256
0.27734129783406203 11.1557 381.358 -0.11463174254657642 1.006297402516736
0.984799263710756 4.77829 160.921 0.7900249710180783 0.3667058056722127
0.133610266025191 0.9525 65.3581 0.07439801764674106 -1.9113291500737581
0.7480764440512292 2.34696 97.4843 0.6286389871110576 -0.9834615917512439
0.13202024852515257 0.9525 65.4923 0.07299885355352649 1.1256995754179289
0.5391843388740829 11.8026 354.421 0.232598012436209 0.7551573187846619
1.5584928347070972 10.8356 240.95 1.370508224168389 -1.771902304295846
2.0739273379086067 5.4017 113.428 1.951430329835529 -1.8794552573805114
0.19990338948665803 11.1557 384.361 -0.140592524857191 0.8397570094416061
1.9126566231842173 10.5308 212.582 1.7428511387344368 0.5559215962055566
0.5767641126594895 11.7881 354.5 0.2294478648707964 -0.8359636232470881
2.093845414567493 9.06018 178.095 1.9460356770067824 0.6594316846951251
0.8824031426914305 10.2108 289.414 0.6183652455205998 0.4454293252054461
1.4229686522191225 3.35712 92.7598 1.3279313841998264 0.41644199719254565
0.35034361214690546 11.1557 372.658 -0.038307903740763725 1.4037552493085348
0.5326464321681869 11.7958 354.369 0.2320302065938304 0.3722051689219052
0.33454828625367417 11.1557 372.306 -0.035207170106606275 1.523662896789209
1.9954922488167266 6.45414 136.562 1.872616205120168 -0.30490723236456607
2.0077392789731374 5.40258 114.873 1.914275795062847 -0.02896571067933227
0.1202265656203714 0.9525 65.3551 0.07443182218516527 -2.274775915811858
0.7320556063669763 4.27969 165.341 0.5561548010098372 1.931594602963421
0.7050300094086247 2.286 98.4017 0.579063923888965 -0.10710821964775882
2.0749030289158563 11.4681 219.05 1.8797418904986716 2.025357756132656
2.0586221315717648 11.4681 218.282 1.8933283544099364 0.605037487625386
0.5479447354027372 11.7958 354.33 0.2325034736213132 -1.3572691483072747
0.5435428907044023 11.8034 354.462 0.23253154878445859 -2.3950536955347417
0.6847188783816549 2.25794 98.8029 0.5561530820554722 0.24693583388003934
1.364281291369135 3.28493 93.8403 1.2588952943751486 1.1135161666602644
1.9348194126347007 11.1557 221.825 1.7505724680197208 -0.5077234546963043
0.5731090507935862 3.70127 162.98 0.38231121759502296 0.693989180124326
0.5412939638277657 11.8034 354.314 0.23383446560094165 -0.3413702740061617
0.32820810503633335 10.2032 356.149 -0.041660681687419196 -0.6310627450331894
2.0577666414301574 11.4681 218.198 1.8948188590294173 0.4332043383078572
0.31653235091665954 10.2032 356.319 -0.043177645161593996 -0.39280861752426643
0.5617356329365156 11.7881 353.517 0.2389063311647573 -0.7595752093488668
2.090666498828569 11.4757 217.523 1.908548760120236 1.960734856757311
2.051381059848066 10.5385 205.622 1.8677835966965413 -1.798838667648624
0.9012818685472423 4.67653 162.321 0.7346551560729127 -0.15328415473920948
1.9883800649550594 7.20852 150.921 1.8583534559888106 0.1438612591497392
0.9409234298798629 10.2108 287.213 0.6428778649139677 1.943369887881199
2.0668885549927345 11.4681 217.916 1.8998292570443738 -0.18075014951960172
0.7918719962952413 4.4577 165.681 0.6140563537020846 -0.5228839581851706
0.5229034946416088 11.7881 360.351 0.17364486591781503 -1.2802030958386332
0.9781881307082778 5.12861 169.028 0.7996057471941102 -0.7995541759708695
0.6476345967629393 11.7902 343.46 0.3377754736647881 0.04792379985457883
0.20090040814417018 11.1557 385.505 -0.15040102098923971 0.7776421943072301
0.9782266323885616 5.15771 169.19 0.8070262799787323 -0.9673190315372912
1.5657319427937075 3.69349 96.1591 1.4518241453274197 -2.272814856102558
1.9031381513132524 11.1618 222.267 1.7450236550516196 -1.186170390928765
1.5443985432873197 10.8433 241.113 1.369866327898673 -0.4240167029826651
1.9124790190896055 11.1557 222.66 1.7365686254307338 -1.75187942222236
2.027061509545612 5.40258 114.523 1.9233106758972232 -0.463287835356277
0.9257591464853816 10.2108 287.846 0.6358128554461159 1.551128921626609
0.7422735747355761 2.33893 97.5883 0.6219120620210129 -0.8777025371009102
0.5482628984918709 11.7958 354.314 0.23263811981241675 -1.0822269267222875
1.9825812520158415 6.42664 136.396 1.865077800396746 -0.13664368817567354
0.5361203341681859 11.7958 354.308 0.232689686439137 -0.9205822497982957
0.9214323882850587 10.2108 286.78 0.6477253953063561 2.2271664918830356
0.6766742008707977 11.7958 340.732 0.3660085017809452 0.27568772832481603
0.9212357407317515 10.2108 286.547 0.6503325205413758 2.3813595690241085
0.540553587295777 11.8015 354.313 0.2334763640012764 -0.38730351145821607
1.9342320068132786 10.5385 212.489 1.7465197693306909 0.21780069007925937
0.27522113783747587 11.1557 381.484 -0.11571635384410625 0.9993463597968609
1.0583423890780819 4.90299 159.335 0.8569304370501274 0.9776051054997684
1.8796041625172044 10.5385 213.819 1.7237285171366072 1.6273788334626187
0.7501635892209201 4.37798 165.668 0.586214806903116 1.6356270398673023
0.8697131956940992 4.40604 160.209 0.6660268701041797 2.0003441733070133
0.9034738427768259 10.2108 289.034 0.6225824621762125 0.7364486617628132
1.885495628640814 10.5385 213.516 1.728910407525786 1.3672127763933595
0.9239387462827324 10.2108 288.469 0.6288681840294602 1.137688191015106
2.052332210235263 6.82548 141.21 1.9213729880411012 -0.07292780672932281
0.9743860779095824 4.99053 167.401 0.7747484919112482 0.6036966917939987
0.6422901720272388 11.7881 344.942 0.3227287790120381 -0.07424618370329057
1.2954943141833253 3.18516 96.1734 1.1487599395209311 -2.29025232579116
2.095387819267526 11.4681 217.472 1.9077347086551268 -1.2778591144426281
0.9713972178811442 4.75488 161.262 0.7767311075966679 0.23853848906748115
0.12536422295403715 11.1481 394.577 -0.22851737398059532 0.29667829910669663
0.9235061080119839 10.2108 288.479 0.6287593154919644 1.1307311202906936
1.1645815602891836 7.48284 211.989 0.9280374007967611 0.25341146461305597
1.9521958234499526 10.5156 209.811 1.7868751819404132 -1.85752223019933
2.0813630627100856 11.4757 218.036 1.8994279660506235 2.279345998058223
1.0264492914485286 5.15146 165.423 0.857589412272809 -1.6422015552799079
1.5704828350536035 10.8433 240.939 1.3725084198982627 -2.1130660392412355
1.3963141889802737 11.4607 266.18 1.159556654842709 -1.6570874387628687
1.5427509436755482 10.8356 242.222 1.3517213666799517 1.7668979966553833
0.5503464652711618 11.7958 354.315 0.2326375468498987 -1.084060719334972
2.0177237662065677 5.40258 114.694 1.9189250837441234 -0.2503621537599647
1.97702242424536 5.39496 115.795 1.886976526004501 1.0503649554277312
2.076350634416396 11.4757 218.271 1.8952774760934357 2.4227176257960297
0.3310156510851954 11.1557 373.711 -0.047660296472929 1.4418629630168347
0.9283434310372426 10.2108 286.884 0.6465564868455604 2.15777060470438
1.057082760912761 4.90199 159.352 0.856323033901799 0.9708947996576772
1.3973681356008658 11.4681 266.505 1.1567027420273654 1.386676043417608
1.398034113923725 11.4681 266.311 1.1593446170447177 0.3677153780416289
1.9230449794983637 10.5385 211.794 1.7585345847540346 -1.4957902834262695
1.8781672720354317 10.5308 213.836 1.7213496673144573 2.194517972148422
0.9332474428140807 4.71442 162.024 0.7517823055437157 1.0757112413007972
1.9401038516719828 6.3298 135.5 1.843666613635296 0.8018233104068718
1.888855056107156 10.5385 213.461 1.7298447543101958 1.314858740428246
1.5097165886593877 3.59541 95.5044 1.408254322565714 2.2881593595218748
0.5320908324870426 11.8026 354.305 0.23378404489515658 -0.7018851243565252
0.5191384709076221 11.7881 363.514 0.14388188569539198 -1.5136612701374066
0.5378232991056692 11.7958 354.78 0.22795415199938282 2.3037620666875314
0.9066922456821526 10.2108 291.762 0.5925119462176268 -2.0084564896861146
1.9359701229116326 11.1557 221.259 1.760105229498772 0.460071718843283
1.9658409756717397 5.3972 116.678 1.865123661316298 2.0315323807469814
0.5411447524636737 11.8034 354.314 0.23382759005014214 -0.3092010397412364
0.2702933943745261 11.798 391.644 -0.10856983757204813 1.073482043418452
1.919573789582159 11.1623 223.026 1.732080309834262 -2.2485254594658364
1.903113209414788 11.1625 222.269 1.7450580484699525 -1.1889842181113999
1.3961408929108963 11.4619 266.18 1.1597916156644403 -1.6741000140904922
1.009637574021406 5.25018 169.82 0.8299583909569549 -1.6767424791949674
0.9718919608484916 4.99363 167.457 0.7750464572150804 0.5585470129869521
1.163019152198175 5.09993 156.184 0.9750665339123146 2.2451768114756874
2.0602238971942883 7.15855 147.197 1.9202092298233466 -2.3192846649318875
0.3302180319424982 11.1557 373.357 -0.04452495581147548 1.4629373919050774
1.4199135166505659 11.4645 266.219 1.1599864612387203 -0.4020156978204131
0.934431276499048 4.59486 160.201 0.7339331699601772 1.6666082722831015
0.8283753220225792 11.7958 325.779 0.5200373859659261 1.6049099498029085
1.5648906546789279 10.8428 240.948 1.372307827127853 -1.8978342684525322
2.0881320536475148 11.4757 217.711 1.9052122981101935 2.0721811519990987
0.9778811794067467 5.15126 169.16 0.8055364421985199 -0.9382030202021377
0.6446395638748772 11.7881 343.888 0.3331905867922321 0.012624953230531956
0.3849407714165229 11.1557 362.955 0.048890895662148715 2.095785436506047
0.6483882016849487 11.7905 343.439 0.3380184119945476 0.04964679916074073
1.902974522504795 11.1557 222.322 1.742232058026572 -1.2659730411357069
0.6280874108394772 11.7881 347.347 0.298987923183079 -0.2698028121310404
0.488742569357155 11.8034 364.798 0.13400349129157732 2.445828680461315
0.5360038556762523 11.7958 354.773 0.22802806414011623 2.282425221001056
1.927556399439468 10.5385 212.228 1.7510023870647282 -0.2044718823625915
1.9892202430400792 10.5511 207.683 1.8338983828394482 1.0148358017385795
0.8973924779505434 4.56548 161.541 0.7052887502837311 0.9464203462998239
0.14523659654367813 0.9525 65.3637 0.07433900294413039 -1.6827611223678076
1.9025640155835528 11.1557 222.146 1.745184157675888 -1.0090594862532174
1.9196769410412975 11.1633 220.77 1.7703603111549735 1.4044315425694471
0.6977121293923378 4.09956 162.52 0.5280058432978081 1.7093236236807574
0.3438553557862673 11.1557 370.633 -0.02031284395317081 1.6224150229463883
0.11857313757238991 0.7239 38.8314 0.10732708990871521 -1.244825822341886
0.5338001231129123 11.7881 361.045 0.16708848088056685 -1.3314216370131502
0.49154092936902616 11.7881 367.039 0.11106736518883358 -1.7685718300107751
1.8757253727912173 10.5232 213.777 1.7203064136301855 2.117968169520767
1.228887009456098 3.13931 96.2287 1.1199459743795024 -1.3289973722204294
0.7490408955196767 2.34696 97.4944 0.628484279196823 -0.9726769547315199
1.5335421118025678 10.8356 241.85 1.3571831805198198 1.1711213350952685
0.41504656259747 11.7958 373.197 0.05559026476598724 -2.2001772268815
0.3365715460098978 10.2032 356.859 -0.04800458693199975 0.31319346854726965
0.1996462873789685 11.1557 385.288 -0.14853718293946147 0.789612402207118
1.9332929105321917 7.2009 152.843 1.8149009314869635 1.6810357760954462
1.005136173601988 5.2275 169.665 0.8242511366595573 -1.4974065757625934
0.7221087835734187 11.7958 334.111 0.4332415816291592 0.8497103681036794
1.3849615407136677 11.4605 266.186 1.1594936165767824 -1.9615718654082983
1.2054850595998352 7.48284 210.61 0.9464203462998239 -0.9270918965359786
0.07228600361444575 11.1404 399.982 -0.27469191619093913 0.022360079593012307
0.9784937680812322 5.15874 169.212 0.807421660096604 -0.9892894361180875
1.1281152266521612 3.11592 100.757 1.0164804490039498 0.5001824654532872
0.27718117893155086 11.1557 381.397 -0.11496348577583214 1.0041656714398821
1.5674507050109754 10.8368 240.942 1.370978184046377 -2.0366005210922324
1.1422676023355949 3.13944 100.376 1.0374426123787457 0.1300918980352696
1.8826389717929484 10.5308 213.693 1.723791571027732 2.0157375429221713
1.5501132871860959 10.8433 242.6 1.3480133007000146 2.3268653972017725
0.3483349594825419 11.1557 367.653 0.006372150131683401 1.8003290930109868
0.1498528018709502 0.9525 65.3768 0.07419977408294379 -1.1241981366043343
0.8870215423104019 4.46173 160.642 0.6804377534999505 1.6476411663315207
1.1755986737405557 7.48284 211.567 0.9335958249032673 -0.09490649145899999
0.46964436544119936 11.7958 368.14 0.10202034595251154 -1.847203597732409
1.3891355771225147 11.4605 266.66 1.1529605675232724 2.009345120426912
1.9699085643688508 7.20852 151.265 1.8510501475886398 0.4258479264580561
0.5335114217901823 11.8034 354.652 0.2304465383504603 1.8710225320693055
1.501282137568203 3.45755 91.3336 1.424628730231726 -0.7798826662373414
2.0863666664377436 11.4757 217.887 1.9020879538060527 2.1875457080221357
0.9876660079518513 4.953 164.383 0.8032100042922438 -1.0885649771579597
0.3301019667081772 10.2032 358.245 -0.06033762359982486 1.8899116640403277
1.3928032432111428 11.4681 266.436 1.157654045979882 1.0641469367381977
1.577166137673256 3.53202 90.808 1.4848430864663438 -1.9165975714328711
0.35232733362595237 11.1557 371.851 -0.031138997191123383 1.4601404479392928
0.5280380516291514 11.8034 354.692 0.23005405909165605 2.0072812046099413
0.9186920256153819 4.53277 159.676 0.7185652073047943 1.837796496700536
0.6456031811150386 11.7881 344.719 0.3249444421958372 -0.0559607394518571
0.9096020468712902 4.68978 162.124 0.7420125450363343 -0.08059284299709595
2.0228286392268924 6.9704 145.959 1.8737627333912046 -0.9574398455683714
0.9997590382859056 5.05173 165.565 0.8211052740862502 -1.8704721992658662
0.873445328988718 10.2108 291.059 0.6002129161347473 -1.200176516402713
0.5412061066007097 11.7958 354.325 0.2324788362332928 -0.11879371660628335
2.056068904147479 11.4681 218.154 1.8955927753954116 0.34119093503486325
1.1203544126758513 7.48284 213.811 0.9037695373866077 1.7050646568228538
1.3545914616500572 3.37882 96.5937 1.2541844484834028 1.7196644116465356
0.9255316763623683 10.2108 288.096 0.6330166499956899 1.390682195022173
0.3478377931992814 10.2032 357.1 -0.050158049595248326 0.6113002691355638
1.1255178145550282 7.48284 213.101 0.9131328446926407 1.1601526530626787
1.2200735384246564 7.48284 209.823 0.9572335519662803 -1.6610940933931406
1.2206877823558198 7.48615 209.76 0.958992778360506 -1.7140239749224355
0.7098048383094625 4.13004 164.773 0.5109722537681322 2.4670246775831552
1.4339596836113198 3.50384 96.3645 1.3339834513353024 0.055888833214315065
1.922122402929198 10.5163 210.886 1.7681247099941355 -0.856718418959112
0.37169818768800295 11.7958 375.711 0.03273342439114789 -2.3725513586257834
1.4959902046919014 3.60099 96.2348 1.39472847235818 -1.2559495819586806
0.8846524744906679 4.45875 160.609 0.6798074555194753 1.6741229421888704
0.9221203509127335 10.2108 288.686 0.6264558869670028 0.983891373435915
1.0523076774045594 5.26855 165.961 0.8902689971876723 -2.3472395342956887
0.6889203096619196 2.26314 98.7524 0.5605696504600515 0.20427478362718468
0.7990528477341483 11.7958 327.243 0.5046110264994698 1.468835057728141
1.9358331411050498 11.1557 221.313 1.7592109936425597 0.36337226956355645
2.0773549191293275 8.984 177.827 1.9271115315472818 1.3660149538888609
2.0629325350416794 11.4681 219.443 1.872862708635125 1.592105089519531
2.007440950494373 10.5461 207.119 1.8427895343880678 0.309900058453073
0.9519636035158243 4.9149 166.245 0.7645374627621648 1.5443655521153752
0.5592068761811602 11.7958 354.358 0.23225824566804837 -1.668545690150726
1.8806965418508519 10.5385 213.797 1.7241011083417281 1.6088075954995793
0.07160164397944557 11.1404 400.028 -0.27507522936727 0.020020921938468394
0.32872894692880217 10.2032 358.841 -0.0656225894967995 2.47460049320429
0.7812351103806859 4.49676 166.17 0.6209666260493948 1.1896661848051175
2.0471722513743145 11.4681 219.216 1.8767781063280564 2.2722643836806418
0.9810370550288714 5.09016 170.165 0.7713047021297598 -2.138385279365443
1.6890156259047948 3.87581 93.5692 1.6273272464545372 -1.9950124253892452
0.148669580493465 11.7998 405.205 -0.2243101120404643 0.4529513463080848
0.9715829764601914 5.04799 168.283 0.7822835824939603 -0.11137962777553281
0.3327502391274348 10.2032 356.836 -0.04780038470244738 0.28426099817584694
0.9269975030386053 10.2108 288.254 0.6312518325780935 1.2863925924762767
2.0659050732762916 11.4681 219.254 1.8761360492976862 1.976953407349171
1.1953458082914192 3.21966 99.5578 1.099332816755151 -0.6806383028746402
1.8854784399069602 10.5385 213.517 1.7288932109635125 1.36825012555241
2.0082350130879187 6.5532 137.562 1.8913907003206845 -1.3075114976972686
0.5269603454809615 11.8018 354.351 0.2331291486989497 0.22867723047775776
1.2175611795799515 7.48284 208.983 0.9685911793783669 -2.4708670616333133
0.37662989250960865 11.7958 374.703 0.04188424987849696 -2.3032975955440094
2.0272691161525183 6.99966 146.109 1.8817941849999154 -1.1291609105919804
2.0939027103470065 9.06018 178.092 1.946093005851451 0.6675281211839387
0.29211883725241455 10.2032 355.84 -0.03888722149887319 -1.0881294506628547
1.039602817101518 2.9964 102.097 0.9236995439311166 1.734631139231267
2.057695810449809 7.10106 146.791 1.9066569509700042 -1.8824362441107063
0.6651339834790619 2.23266 99.2232 0.5360768747764093 0.6006884972203103
2.0716547656270454 8.95315 177.712 1.9192117234103288 1.6874843372522126
1.1389018372002557 2.96472 96.6928 1.0074033818230483 2.3171973902648633
0.19008428550462286 11.1511 387.359 -0.16697560771528683 0.676890895934305
2.010310409735956 6.54818 137.465 1.8919295743175402 -1.2123144523569467
1.9207284922363526 11.1672 220.812 1.7710367243450258 1.3200511106500876
2.064770647218974 5.39798 113.543 1.9462707252823097 -1.7262449422318338
1.4443400106367723 3.3835 92.3574 1.3539622562836195 0.14355759056311826
1.5319679046281733 10.8433 240.998 1.3715914245137084 -1.1632529919836558
1.2289729531253677 3.13944 96.2285 1.12003193447112 -1.3311350807669193
0.775660325120024 2.40063 96.8921 0.6693617109108053 -1.6710219193163145
1.4007134298948212 11.4605 266.177 1.159591039351988 -1.4856454969627215
0.3197569914222426 10.2032 356.265 -0.042701001437970024 -0.463534215266798
2.005265462203776 5.40258 114.966 1.911890961373861 0.0812242431168657
1.2584258169537264 3.15332 95.9433 1.1334474704618551 2.39762852772011
0.29667849614322644 10.2032 355.237 -0.03346726885761634 -2.111374664550276
1.9543211154657436 10.5156 209.727 1.7883484004474286 -1.9397524474313368
1.9355744223283238 10.5385 211.672 1.7606555287003667 -2.203646182898196
0.5382980466253553 11.8004 354.396 0.2326747894136207 -1.9973687118512014
1.1267380789984256 7.48284 214.497 0.894664116653345 2.21813561232889
0.9720204199549576 5.04919 168.295 0.7825357074310875 -0.12071828604412178
0.31023330746739763 10.2032 356.542 -0.04517491933340569 -0.0901085366275046
1.3810909279774573 11.4605 266.2 1.1593102325384317 -2.2341332082094514
0.34239430214842437 11.1557 369.95 -0.014223219043968742 1.6629054020147354
0.9434806466159543 10.2108 287.398 0.6408093574850782 1.8272773412469452
1.0014407803759646 5.0029 165.004 0.8119599389905663 -1.501126345279435
0.9825005709138146 5.09016 170.224 0.7705254089889213 -2.182018376931382
0.3013131145803534 10.2032 355.993 -0.040261174619363356 -0.8536069115659474
1.9375726144008025 7.2009 152.135 1.8297537799153967 1.1277912758174693
2.036126673464759 7.03401 146.326 1.8912129865924654 -1.3715398435337685
2.0649814814112215 5.39767 113.549 1.945972615279898 -1.7191771781423864
0.986036334401981 4.93243 164.08 0.800104269052175 -0.8812839452458495
1.8796020609081432 10.5232 214.216 1.7128947431454222 1.867926912294669
1.1147646934430404 3.08334 101.229 0.9888883058933232 0.9442313495862357
0.3574786263679187 11.1557 366.857 0.013543691078990323 1.8122697372010843
0.8110342062689379 11.7958 326.429 0.5131793753439592 1.5446005501860478
2.0088864050961663 11.4757 222.665 1.8191601495270182 -1.0159016706025696
1.947553439314844 11.1557 220.535 1.7723494252235823 1.8995999478936734
0.8751848753253996 10.2108 290.461 0.6067851066210731 -0.4924409422366841
1.022469229079195 5.29458 170.09 0.8407941745850865 -1.9880926449847414
1.195047092985259 7.48284 210.68 0.9455550620936459 -0.8690899808076572
2.0597276585413753 11.4681 219.902 1.8649000893447722 1.132507635937457
0.3290119615303942 10.2032 358.023 -0.05837295026599866 1.6563365501709701
1.3971567554562436 11.4605 266.18 1.159556654842709 -1.634337359775015
2.013335212318172 10.5461 206.947 1.84587937757874 0.08579014863699842
0.5394441647645798 11.8034 354.508 0.23187092302155712 1.2617206598002457
0.8712506413622068 11.7958 320.26 0.5789493264784968 2.1310635270362184
1.165077132341661 7.48284 211.087 0.9400596528568441 -0.5067029768772888
0.1279862837885019 0.9525 65.3963 0.07399236318766739 -0.5404132107104536
1.5256285802332104 10.8433 241.019 1.3712704762121437 -0.9229775233558882
1.908321809642672 11.1557 222.451 1.7400652771508562 -1.4583866282938927
0.7645080691121053 4.30035 164.346 0.575694760986379 0.39117908741808605
0.8616969191232672 10.2108 290.835 0.6026825002950428 -0.9243012278558626
0.9304175083356856 4.99872 168.631 0.7610191901221991 -0.9173790037029562
0.26321295943739936 11.1557 382.442 -0.12400535241115732 0.9458988836066905
0.9454372163776757 4.82518 163.626 0.7688636814439027 0.40753055422033685
1.4024547519473836 11.4681 266.344 1.158897618495568 0.5789779758308967
0.19040891033642612 11.7958 398.054 -0.16430217547128997 0.7735795513061818
0.13987618351036105 0.9525 65.5005 0.07291692052239829 1.249542382359637
1.1511586301483347 7.48284 212.205 0.924983136427145 0.4459535974496309
2.071731289886103 8.94793 177.686 1.9180365010841793 1.7698100090807474
2.067718606457147 11.4681 219.154 1.877907439355355 2.206409885871964
1.9333621320063297 10.5385 212.692 1.7430288378641015 0.49219685320515827
0.6472897401123432 11.7958 342.597 0.3473234130134191 0.11962909087976992
1.9669997467871774 7.20852 151.349 1.8492501217298105 0.497376584811853
1.9207577275735201 10.5385 212.025 1.7545219946904318 -0.6408666568485791
0.6643520318226852 2.23266 99.1808 0.5367060100049892 0.5659161779841143
0.5871455057035275 3.75413 163.486 0.3951715513372437 0.33309432825551827
1.0213181216583547 5.12017 165.276 0.8484497225317468 -1.4437657861798294
2.0180543906192967 6.56691 137.692 1.8936780496093866 -1.4385731459982016
0.7932990480263884 4.46049 165.729 0.6140047845391666 -0.5566573086906782
0.9193143555225264 4.96253 168.456 0.7508712243185087 -0.774857363846757
1.679744425152163 3.86666 93.5985 1.6209419314088194 -1.854908170954282
1.687629430797416 3.87403 93.5749 1.6260776948839908 -1.967671721933893
2.072981844901242 11.4681 219.061 1.879546979973203 2.045355140463378
0.7376812869302457 11.7958 332.016 0.4548347176777686 1.0354140098982956
1.3986346096149775 11.4681 266.608 1.155310171153847 1.8091971491481698
1.960686884679154 7.20852 151.476 1.846555818919239 0.6001899965654034
1.9332501080894062 10.5385 211.681 1.7605122216009748 -2.1429836099575135
1.56993402750271 3.52303 90.852 1.478051266416536 -1.7938629487125517
1.5917420904295116 3.6957 94.2571 1.4996762648854793 0.694762729954132
1.2475859272293137 3.11374 95.367 1.1225362395811171 0.3696755072418044
0.37166326734749966 11.7958 376.077 0.02942058193193172 -2.397267248079071
1.1397623805134809 2.96758 96.6814 1.0088016152657986 2.251088556526299
1.9923671690618567 7.20852 150.836 1.8601821541031767 0.07196924757175088
1.655545189421725 3.84085 93.6715 1.6031273525567258 -1.5098898951192807
0.13151217614343622 0.9525 65.3535 0.07445072980836297 -2.3806427529247625
1.356695862377091 3.46546 98.0878 1.2722370064064252 -2.244781166929121
1.9579553724489815 6.3627 135.787 1.851634869757618 0.49469217694232126
0.2678747139726384 11.1557 381.915 -0.11944459806821733 0.9752556373730948
0.5989050014500337 2.15067 100.43 0.4716853843294489 1.568289636078016
1.4016499234448216 11.4681 266.584 1.1556310927760782 1.7159499758353358
1.9231985785029548 10.5385 211.747 1.7593371038014416 -1.752865370732976
2.07650407272517 11.4681 218.538 1.888788055925291 1.1024560132425991
1.4983804672310255 3.45186 91.3715 1.4206110577047875 -0.7266903950685291
0.8353573629784363 4.5339 164.228 0.6593858450357313 -0.842266834958387
1.935148653565083 10.5385 212.503 1.746267550748083 0.23942371656124017
2.056703939132834 11.4681 218.162 1.8954437248091396 0.35985366566510985
2.077565395739961 8.98249 177.812 1.9268994172077039 1.408884766645206
1.9062006301538048 11.1557 222.397 1.7409824327730645 -1.3761764049551435
1.9199740788953026 10.5206 211.098 1.7661241358538122 -0.6680208983557772
0.8880525874786321 4.70609 167.902 0.6706051143342936 -1.939689385939044
0.7997465533059862 2.4384 96.4855 0.6985388009439694 -2.3417976094438964
0.8869738428307105 11.7958 319.716 0.5848167168812111 2.18435774279413
1.9354144076064481 11.1557 221.233 1.7605408830199718 0.5048104235483404
0.7030206640303456 4.28244 167.476 0.5314804078769861 -1.958957647995747
1.1543650186166798 5.08927 156.449 0.9671356589148559 2.1349566079184785
2.0899138797136256 11.4681 217.71 1.9034810093742558 -0.6652418649507138
0.5565793415411604 11.7958 354.357 0.23226798603059687 -1.6550525886577867
1.1263689390761766 5.03318 157.255 0.9345126792070038 1.805539858958572
0.3076433021705778 10.2032 355.533 -0.036132554420860795 -1.5832151012896176
0.9490784096460797 5.05968 169.214 0.7738374058237184 -1.392934583673445
1.9102705575388317 11.1557 222.544 1.7385118458330744 -1.5918643543245108
0.5469766400708568 11.7958 354.822 0.2275416191278347 2.4350874387602124
2.0802906130566567 11.4681 218.622 1.8873090218611788 1.260534349806239
0.3267661218524818 10.2032 356.73 -0.046855634271732116 0.15113383654629742
0.2152198157170292 11.1557 383.616 -0.1341610551166817 0.8810948468098084
1.883809664863408 10.5385 213.665 1.7263653180032001 1.4962831951472777
0.48826393735276064 11.8034 364.844 0.13356976105824805 2.4432308175496966
1.2132493559080906 3.26001 99.2933 1.1271952843177295 -0.9494803597287678
0.5501248436689695 11.8034 354.554 0.23141484488927191 1.4661126153059214
0.5324051319100901 11.7881 362.257 0.15569173214625648 -1.4211727290497782
2.0491684974408653 10.5407 205.877 1.8638395560205852 -1.4105009967921596
0.8559632977926528 11.7958 322.698 0.5527799215689229 1.895953936484601
1.9131556666437963 11.1557 222.723 1.7355138989694425 -1.8394531976672734
0.32291630194451765 11.1557 375.545 -0.06384527328186601 1.3364191833098111
1.3840486040118682 11.4526 266.708 1.1505020818979992 2.1751952472710907
1.9306485575117138 10.5385 211.727 1.7596925052041639 -1.8666485375722297
1.4016666383852188 11.4681 266.368 1.1585595042552541 0.7256876383866262
0.8791910554396103 4.51104 161.073 0.6925223007943438 1.3076834298082747
0.2473877252689986 11.1557 382.814 -0.12726663602193772 0.9252410010470625
0.2995416917119994 10.2032 355.989 -0.040228573312778106 -0.8592167950480877
0.27901038512189685 11.1557 377.476 -0.08078306517370619 1.225357922958546
2.0925648121122453 11.4681 217.378 1.9094029412973001 -1.5277609978955466
2.009763211833423 11.4681 220.489 1.8546903328582822 0.6396118009344979
0.14553474745155148 0.9525 65.5788 0.07211535192500423 2.1383738122240965
1.9305855317783143 10.5385 212.728 1.742415489326206 0.5358408058366472
1.41434103101637 3.48234 96.3997 1.3207273804165536 0.3462347732631932
1.9125975460715052 10.5385 213.036 1.7371189177311523 0.8954147829547868
0.4319173436867653 11.1557 357.591 0.09812881067124528 2.424535528161707
2.0248397951701387 6.68274 138.727 1.9187072376299397 -2.4576252206761233
0.7721394215794296 4.33578 164.636 0.5848912052752279 0.18985048578124913
1.5583839256461147 10.8356 241.287 1.3654647581061008 0.08647483397584305
1.3516726811871969 3.28054 93.4858 1.2642308247599907 -1.819899637936051
0.14820582914833333 0.9525 65.3733 0.07423128678811222 -1.181121555433414
0.334988293125634 10.2032 356.839 -0.04782805857358846 0.2881823702555568
0.6403957056026189 11.7881 345.108 0.32109353165520793 -0.08745573885102786
0.870529951471928 10.2108 289.93 0.6126582565722463 0.01625527123216265
0.41807238698910587 11.8009 369.381 0.09117423946002728 2.196318381156011
0.8714941447437001 10.2108 290.986 0.6010208310155085 -1.1135734732623657
0.31179036367061247 11.1557 376.329 -0.07074884652158887 1.290908642085593
0.9060766352391818 4.62534 162.016 0.7205363375581569 0.5892401832285095
1.9331602594671242 10.5385 211.686 1.7604205050631454 -2.1194932798806585
0.4153252096938985 11.7958 373.17 0.055830506083050825 -2.1983481442315584
2.075368529374438 11.4681 218.885 1.8826540856484473 1.7360297977085062
0.9827813933214894 5.09016 170.201 0.7708176439000228 -2.1653963696461305
2.0504422473529176 7.25424 149.523 1.9059460898875078 -1.0666626563733972
0.12209571002296613 0.9525 65.3554 0.07443239514344387 -2.1891568944642743
0.37093224126152063 11.7958 375.364 0.035879478912779504 -2.3488164922403736
0.7688313615045969 4.32371 164.559 0.5812756543653561 0.24362468044060995
0.41105057822126667 11.1557 361.18 0.06508458177718257 2.1969548319929606
0.519423958303631 11.7881 363.454 0.14443651059661217 -1.509368322493886
0.34322383838012144 11.1557 370.207 -0.016508002925925032 1.6477271455505145
1.426458293803838 3.48978 96.3861 1.3251288694991488 0.2332849945101554
0.7531859105080541 4.40481 165.8 0.5937610611428459 1.5181949530453436
1.5584871051291458 10.8356 240.95 1.370502492950934 -1.7690304147551419
2.004643637332383 10.5517 207.278 1.8413105389886602 0.5078231532678266
0.5434646803121201 11.8034 354.316 0.23380982821059224 -0.23325462749533654
1.5360667043061513 10.8433 240.974 1.371969685067244 -1.4381547549754432
0.8309299958649933 4.74327 167.165 0.692797340634109 0.3274322652587247
0.30806825078928823 10.2032 356.489 -0.04470532298006503 -0.16027369305300587
0.872749464994585 10.2108 291.017 0.6006827673274668 -1.149310089630438
0.5438702624049608 11.7988 354.388 0.2324880036334814 -1.940182412214174
1.4039231936974554 11.4681 266.322 1.1592013482712809 0.43175585973813807
1.1586882204806022 3.01624 96.5069 1.0410814929702565 1.1747317256990057
0.6817917176810294 4.14294 166.522 0.494838859606771 -2.085843729689391
2.023433407304746 6.58157 137.836 1.8974559088069185 -1.5824355812543849
1.9744850604563042 11.4757 224.623 1.7858662859014693 -2.3704582700116026
1.220804779656992 7.49046 209.262 0.9668090264556831 -2.190389653943561
0.8775705031733498 10.2108 290.158 0.610142828637861 -0.19107146558867263
1.9575323589226532 5.39496 116.909 1.859001239116704 2.2834114911963184
0.09946258900951715 0.71628 36.8554 0.11943027409221693 0.6833485852429096
1.9102569362707111 10.5385 211.912 1.7564652336593733 -0.9635598947552617
0.10793136417572748 11.1471 396.489 -0.24469554828292903 0.19817446435778557
1.9306603393397361 7.2009 153.773 1.7955998628846739 2.3803158849072363
0.9699292774204531 4.99872 167.577 0.7752527408992437 0.46253437126445124
0.10948191869924656 0.7239 38.9424 0.10602991121208726 -1.3938687811246762
0.37476436807705277 11.1557 365.482 0.0259511501895047 1.9311589075246296
1.5917764678972195 3.69574 94.2568 1.4997106541327074 0.6940636701024303
1.8775076729431772 10.5308 213.963 1.7191771781423864 2.34585754715967
0.109084308500949 11.8034 409.559 -0.2603397399057532 0.26211478160399965
0.9975613234551097 5.0309 165.338 0.8168993341835888 -1.72136686380854
0.5385953841063589 11.801 354.415 0.2323911729692897 0.7208228391194037
1.5673954879975667 10.8357 240.94 1.370731741659832 -2.062033195389778
0.8501788531611002 11.7958 321.086 0.5700468336892263 2.05075011959701
0.3275531680012187 10.2032 357.76 -0.056030124673983196 1.3690754202313895
0.34412832193885184 11.1557 370.789 -0.021702667770274568 1.6131695284119367
1.915838554248871 11.1605 222.886 1.7341897595166504 -2.0624631922359913
0.9036778028264917 11.7958 318.66 0.5962478320641091 2.2880160057796317
0.7288277849050472 4.21045 163.609 0.5537081564696206 0.9131099234700493
1.3411322500693725 3.25164 94.3902 1.2261144003485458 1.456374895677682
1.8908185529265464 10.5385 213.424 1.730469563152818 1.2796873051276365
1.0890150143990396 3.06531 101.477 0.9738344964732515 1.1729036067000473
0.4308007434693319 11.1557 357.493 0.09903236645157933 2.430763439335051
1.984357052055661 5.40178 115.563 1.8960456599478235 0.7847475313932881
0.6231152713052754 11.7881 346.693 0.30542691245589954 -0.2166765388049777
0.32078150837218594 10.2032 358.127 -0.05929483984439933 1.7671559503275498
1.2357104084686807 3.30167 99.0669 1.1563187820886878 -1.183402413009291
0.12798685674629703 0.9525 65.3962 0.07399293614594027 -0.5428466711969936
0.5471518260126614 11.7958 354.331 0.2324994628837255 -1.3648343255931763
0.7381285825549927 2.3241 97.772 0.6105553816579636 -0.6941209700863858
1.0134584304507932 4.80499 160.63 0.8035022414933761 0.47851126521168136
0.876269853560673 4.64737 162.741 0.7187313781363167 -0.3064771590678327
0.37528491555341104 11.1557 365.382 0.026852412896939504 1.9374822351891225
1.4387060256704551 3.37566 92.5234 1.3449700544788246 0.2566028711413597
1.195033066578584 5.1355 155.589 0.9972719377013413 2.493084288867683
0.9663365763451431 4.94519 166.632 0.7695283723842196 1.223157262674614
0.32104268030885585 10.2032 356.099 -0.04121600902631965 -0.6991118013589149
1.6486761176118754 3.82102 93.7 1.5893824907376117 -1.3703362876507055
1.9373067189021398 7.2009 152.16 1.8292206574133825 1.1476997547127754
0.28019613714253433 11.1557 377.45 -0.08055216295341816 1.2269224559785408
1.5315358672301074 10.8433 241.002 1.3715398435337685 -1.1302955875884622
1.8888814129997522 10.5385 213.446 1.7300912385079341 1.3011614799667204
0.3448674485444455 10.2032 357.238 -0.051382861954780305 0.777275467557333
0.9771714559412833 4.98327 167.27 0.7740207690457246 0.7083485777364735
0.8829591684556874 11.7958 319.863 0.5832295413357287 2.169931711196715
1.5052464752038635 3.59664 95.4971 1.4091656008809934 2.28111210650052
0.8929665489880092 4.72199 167.986 0.6748739441630809 -1.9902826634780524
0.7753801577614977 4.35448 164.762 0.589394890016505 0.10174303394125277
0.5311954387768333 11.7958 354.762 0.22813749994608506 2.246294937947312
1.007083825916556 5.06319 166.003 0.8190538750537326 -2.1539462693242406
0.8018680179426209 4.55469 166.409 0.6378870907951169 0.9796222111541149
0.06847150238148204 0.71628 37.8555 0.10741990923451503 -0.19445823828371073
0.7083615482346861 4.19862 167.045 0.5078489373814015 -2.491742298088468
1.948215011689346 6.34408 135.68 1.8464698305989609 0.6073409068789303
1.9219505893805695 10.5385 211.812 1.7582135772317102 -1.406798570524474
0.34736515264884804 10.2032 357.206 -0.05110022176140956 0.7382077878529708
0.7724057570942494 4.3815 166.244 0.5808229944306267 -1.5429269059563877
1.155729967578406 7.48284 212.179 0.9254472927564911 0.41636006206404474
1.9339956568394963 11.1633 221.395 1.7595377336172349 0.21912652405488073
1.9695132481472315 10.5156 209.364 1.7947400041774078 -2.2978615741516566
1.1358695871375282 2.9816 96.6492 1.017259794341981 2.074554751222754
1.906736164537917 11.1557 222.35 1.7417620154027889 -1.307414069506259
1.4615102090842385 3.40132 92.0959 1.371161583048177 -0.042493533363015444
1.9105029655096468 10.5385 211.891 1.7568435636051167 -1.0448063357208666
0.7257150536400939 11.7958 333.013 0.4445406408635847 0.9470220341200947
0.07909410329716315 0.71628 39.5221 0.08827908017082708 -2.333958751671219
0.5388721001131973 11.8018 354.418 0.2324925873335779 0.7377150032755342
0.9757094437726714 4.98665 167.33 0.7743760353109237 0.6600276003056661
1.9394836285981691 11.1619 221.734 1.7533927387540946 -0.35204868395607464
0.9208876550365361 10.2108 286.776 0.6477597749710466 2.2293167094517568
1.9798153824533655 5.39786 116.152 1.879203020275454 1.4548216788465074
1.9217444322338426 10.5156 211.698 1.7540175554062178 -0.1406435182545326
1.9145265750774378 10.5385 212.996 1.7378067833320885 0.8498135118504898
0.7409423277616856 2.32674 97.7589 0.6118331502406227 -0.7067670936327934
0.4021117521616146 11.8034 371.082 0.07582525674085937 2.105698539202661
0.8289544738392436 4.2485 157.963 0.6385001936687316 2.4049344253930194
2.046851265471603 10.5385 205.664 1.8668893076282542 -1.7373768673021481
1.9439212324358175 6.73638 144.702 1.8085321867474724 0.5382014956442793
0.34486975581192836 11.1557 368.124 0.002144649782610897 1.7719424305285412
0.8779732810004885 10.2108 289.574 0.6165947031147532 0.3168346703695864
1.9207131848437224 6.27126 135.078 1.8288881724923394 1.2711251944452406
2.0465297665287596 10.5461 206.153 1.8601649563064404 -1.0069220229078661
1.9224845364791157 10.5385 211.799 1.7584428683134508 -1.4706863204695255
0.20813427174055651 11.1557 383.819 -0.13590055981353028 0.8699667071938966
0.548753522267042 11.7958 354.33 0.23250805732141472 -1.3468097565425137
0.06114101998016401 11.7971 419.854 -0.34589500309307725 -0.16936886273485185
0.5323829229475373 11.8034 354.305 0.2339347340504842 -0.6308908472710594
0.5679805049097411 11.7881 354.279 0.23158043104364331 -0.8187444462405873
0.4920908622977576 11.8034 364.132 0.14023213332184797 2.48307100599452
0.9014646350127649 11.7958 318.924 0.5933886185897692 2.2619774688439884
0.8428611518652066 11.7958 324.566 0.5328847880126588 1.7192344997246543
0.8367472140605392 11.7958 325.458 0.5234351665617522 1.634990797584883
1.405970989011466 11.4605 266.256 1.1584620815155342 -0.052499156085746464
0.333168622138357 10.2032 357.876 -0.057067064196660446 1.4978020517284574
0.33206220312644646 11.1557 373.867 -0.04904737049314871 1.4329162766002677
1.9708164276375548 7.20852 151.272 1.850912565929851 0.43190941678860767
0.9274332820416734 10.2108 288.193 0.6319451536349139 1.3282465956634055
1.9149675935519292 11.1596 222.801 1.7353304683405852 -1.949441013762654
2.072990063993825 5.4009 113.395 1.9518832292126094 -1.9239584832747485
1.9002888991358953 11.1557 222.235 1.7436880444593805 -1.1424733358822792
1.4181137128416221 11.4645 266.229 1.1596540776200843 -0.3239348743752728
0.8250744176730264 4.47959 164.989 0.6305814313135352 -1.1091665988078716
1.3869802164353655 3.42333 96.5065 1.282953981384121 1.1549548651143746
1.9342910384556935 10.5385 212.468 1.746880900542002 0.18661211084701565
1.21345064546663 7.48284 210.054 0.9540646545809546 -1.4434448279443395
1.3971646335335772 11.4681 266.506 1.156685549790194 1.3908770580774963
0.2888015385107965 11.1557 379.047 -0.09452260921174883 1.1358543651474318
0.12461733266894023 0.9525 65.4533 0.0733959136295731 0.597410999493203
0.8196307304616514 4.66011 166.796 0.6689262332886701 0.6440754222293041
1.926840733769926 11.1565 220.711 1.769850135268139 1.5237947236963245
1.9346932893914224 6.30909 135.312 1.8399232653497237 1.0097012985773344
1.564331884363891 3.70638 96.148 1.4593265837507727 -2.4682347406154532
0.5312902387633406 11.7881 362.428 0.154070828621626 -1.4339765803357376
2.0813225567067115 11.4681 218.774 1.884608928034762 1.544531770260234
1.0361207558252943 5.33851 170.402 0.851555495546279 -2.340541783635487
1.9422397105200717 10.5156 210.058 1.7825587158385974 -1.6241403182902032
2.054521729517658 10.5385 205.355 1.8724843544171 -2.2303144114703994
1.9072319377889766 11.1557 222.42 1.7405926415791146 -1.4109709646341593
2.0589353834781114 11.4681 218.229 1.89426278600219 0.5001308972869369
0.9165232774518679 10.2108 288.767 0.6255562895346404 0.9262609990607056
0.9404921876652892 5.03211 168.945 0.7679869771722462 -1.1742904554863685
2.0057596165626825 10.5461 207.244 1.8405595766782064 0.46426647933054094
0.3333259789349707 10.2032 357.822 -0.056586180482685426 1.4381031725258946
0.346165497679439 10.2032 357.019 -0.049431825315653 0.5143052826714746
0.6950726913348217 4.09301 162.464 0.5263774283115296 1.7543786880617658
1.8766239449121442 10.5385 214.387 1.714046903493333 2.067863962528837
0.9944277575443966 4.91733 164.325 0.7914231211822189 -0.1540312943908636
0.5565732701435157 2.11109 100.972 0.44196282660388253 1.9837928789060038
2.0442273615975877 6.8088 141.12 1.91647718295114 0.02091811660712967
1.1254967138534226 3.10106 100.953 1.004360507018171 0.6831996056227513
0.6667860888135284 11.7958 341.431 0.3589884823713594 0.21719220451674395
0.753580706898685 4.38888 165.726 0.5892688326333697 1.5845620667473288
0.6488683619994638 11.7921 343.272 0.33996421072328836 0.06343388933119914
0.9100331342309905 11.7958 317.948 0.6039717268093573 2.3583069495100624
2.0663418158568496 11.4681 218.358 1.8919869013483335 0.7644801618817778
2.0091807784564497 6.53716 137.366 1.8894129195322038 -1.1128972554285481
0.6644551642258087 2.23266 99.1729 0.5368200336098078 0.5598178939013584
2.020896724227693 6.95393 145.851 1.8697154919429952 -0.8339580580099
0.6982445923723046 2.27076 98.6896 0.5652801638427716 0.1488356949558707
1.2193657582197128 3.27465 99.2287 1.1372526572660617 -1.0157240257674973
0.3562967894212893 11.1557 366.902 0.01312182224301255 1.8452602620011571
0.3018784147842334 10.2032 355.196 -0.03310813885101778 -2.187964272305064
0.9138973612615772 4.9535 168.412 0.7482869635107866 -0.735107829964995
2.0096378018021412 11.4731 221.736 1.8343397864823445 -0.3303417928762537
2.0417838358101204 11.4681 219.233 1.8764456124793298 2.4510932392795457
1.9774128255399475 11.4757 224.508 1.7877923606385622 -2.2945816218908064
2.0428722469646283 5.40258 114.254 1.930270318489108 -0.7986430844670646
1.9117963489842436 10.5385 211.886 1.7569123508762112 -1.0631154349754646
0.6288959472211644 3.92875 164.721 0.4420023618680451 -0.6221699082244696
0.8381057250026384 4.76269 167.257 0.6983382508152476 0.24792534121901602
0.5424076805140293 11.7958 354.805 0.22770949708663732 2.3742086282961945
1.9324541588868747 7.2009 152.37 1.8248238359336637 1.3122568282891196
0.18432703938122916 11.7958 398.657 -0.16939751074979545 0.7461611093093368
1.928085574000494 10.5232 210.535 1.7762989981107646 -1.1778320807178053
1.3582929843225433 3.26898 94.1235 1.2432268932195254 1.2902209182777846
0.5369651351112774 2.08788 101.273 0.42504862829823115 2.2069087290719183
0.9809925362118624 5.10297 168.805 0.7938412344642635 -0.5815907973793105
0.11540996146068971 0.7239 38.259 0.1141040473659849 -0.5831264035901504
0.534897686331572 11.7958 354.382 0.23189613337100617 0.4826590525996351
0.5312008491569488 11.7881 359.419 0.18246788561837227 -1.210870275832623
2.011003585910725 11.4681 221.61 1.8353028493539967 -0.2351832195480276
0.9814997132395714 5.09016 170.469 0.7672076846372967 -2.368909959922921
1.9477431651869117 11.1557 220.545 1.772188920262743 1.8796215045833127
0.682209808070872 4.10695 166.221 0.4860545218197563 -1.847203597732409
0.7015199258156408 2.27615 98.5736 0.5705928895197275 0.04744068167442484
1.912528313590515 10.5385 211.953 1.7557601644194396 -0.8345883784027865
0.2690520963216433 11.8008 393.23 -0.12192321898850973 0.9984925229194962
0.25987902330510165 11.1557 382.523 -0.12471009215913736 0.9413604423726726
1.3968606527904746 11.4681 266.62 1.1551497103563255 1.8550170900123408
0.9216282994523866 10.2108 288.026 0.6338016501438105 1.4346586138089361
1.1342326481121063 7.48284 212.76 0.9177457437185887 0.8834843641170399
0.9183024143146931 4.53122 159.663 0.7181812954068023 1.841958315892324
0.7612406421374908 4.43453 165.933 0.6024246550288191 1.40160028225601
0.5597425274780097 11.7958 354.364 0.23219980349289834 -1.734762979945215
0.1250982607148209 0.7239 36.3931 0.13684193213737933 1.092158073145149
2.0552387448671054 7.08268 146.661 1.902311530549843 -1.7427708875200845
1.9770434655632994 11.4757 224.395 1.7897069726480326 -2.219471605633452
0.1326297870641843 0.9525 65.5415 0.07249522324565989 1.7365514287989277
1.133126768077749 7.48284 212.814 0.9170237243486573 0.9269142563697114
0.00929224348272621 10.1956 397.639 -0.3913143086103392 -2.3367685786116823
0.37810785799025504 11.1557 364.469 0.035125523605421524 1.9932294468794531
1.9824591263340905 5.40107 116.099 1.882115214525757 1.3961956794555184
1.5587411629583223 3.50796 90.9453 1.4658031167981511 -1.545488957761281
0.5368529152037751 11.8013 354.309 0.23376513713053387 -0.4959853910137698
0.9043361080491522 4.62049 161.964 0.7191783204028281 0.6273497546323806
0.9801658696835661 5.09016 170.143 0.7716026671919004 -2.1217064126240266
1.1759780802135942 7.48284 211.597 0.9332004315585799 -0.06979028740941866
1.976276549993162 10.5156 209.195 1.797697919828565 -2.459701239012037
1.408820956006242 3.47246 96.4117 1.3143945224250742 0.4657310076856501
0.6544846450714339 4.07887 165.916 0.4799460017164135 -1.6035572392103388
0.29714363325799853 10.2032 355.976 -0.040107450005121933 -0.8800232891868146
0.8912810151659936 4.91703 168.137 0.7395486205844084 -0.5073470066556225
2.073472392258769 11.4681 218.482 1.8897740793341244 0.9995755777882985
1.679721506840358 3.86662 93.5986 1.620919003922544 -1.8544037038254575
1.3928032432111428 11.4681 266.435 1.157654045979882 1.0634134243381759
0.8495217904920138 4.59878 166.971 0.645840244049153 -1.366599537046089
0.7365954760679431 4.24822 163.96 0.5624719616954402 0.6648293075478687
1.9323269937066678 10.5385 211.712 1.7599619224416805 -1.963337611059538
0.5509718200686035 11.7958 354.324 0.23255790506011523 -1.2438229096966678
1.203252953983231 3.10896 96.2953 1.1007998591014565 -0.5913029407554663
1.9348850137985951 10.5385 212.595 1.7446854531381792 0.3672524186208412
2.060607945872636 11.4681 218.294 1.8931162442413683 0.6295099354545372
0.5486466100122701 11.8034 354.595 0.23100804154244609 1.6416627537274482
1.9770685852277177 5.39496 115.835 1.8859733061325015 1.094685277201337
1.8770140653990217 10.5385 214.629 1.7099484258039297 2.249167666807534
1.9176612257866656 10.5308 212.325 1.7472936220113626 0.18367683273742885
0.41076372103289494 11.1557 361.186 0.0650301507515567 2.1965878693151315
2.0247142339734827 7.22376 150.23 1.8789851791685874 -0.4444598513832673
1.547783504687806 10.8429 241.479 1.3644331413528246 0.5025207957338556
0.8332517083590398 4.51974 164.609 0.6494214590427255 -0.9760407033693639
0.3733879040329104 11.1557 365.265 0.02789038335705414 1.944682716838247
2.009871469710064 11.4757 222.416 1.8234308425845995 -0.8383187311620653
0.8098670072101056 4.60099 166.589 0.651100333504396 0.8222570376914562
1.3971004501651372 11.4609 266.276 1.1583073512887463 0.1255924492685864
2.067184436233303 8.93846 177.638 1.9159153701483016 1.9193435776729184
0.37523334935184927 11.1557 365.389 0.0267955754774337 1.9370866682158903
2.0787010385032367 8.9916 177.853 1.9286937906979822 1.295487741186683
1.5198108174765115 3.6298 96.2105 1.4126731660276122 -1.5687539058519648
0.41752512707994055 11.1557 360.912 0.06753455095008076 2.2135771893159064
1.9565435122800168 7.20852 151.794 1.8398028821509547 0.8582483876089408
2.060329699520703 11.4681 218.295 1.8930933134138885 0.6320998616519532
1.5456227765272021 10.8396 242.401 1.3501796816830534 2.036497323505523
1.9604687656817814 6.7996 145.032 1.8262970852176335 0.13383504123967746
1.0503863445632011 3.00868 101.993 0.9327305438734109 1.6445172572236009
0.7642143389378278 4.45132 165.988 0.607455504877346 1.349904585578258
0.5570747347422381 11.7958 354.357 0.23226741306809384 -1.65611873521283
1.0257782455722382 5.31114 170.199 0.8452751895915569 -2.1120282803142385
1.9364819723335107 10.5385 211.656 1.760947875217292 -2.3245659423417036
0.7508015801265602 4.36863 165.619 0.5836019832104985 1.679425072147624
0.5240865952861666 11.7881 363.158 0.1472268240973592 -1.487376412026125
0.8936796385837963 4.66631 162.469 0.7290740918464308 -0.20697285925972228
0.12342216185582493 0.9525 65.3583 0.07439801764674106 -2.077616355482184
0.4373271612973458 11.1557 358.906 0.0860015703009866 2.3410177357500825
2.067054558953671 8.93607 177.626 1.9153822214343932 1.9569912546922268
2.0980433658463524 11.4681 217.292 1.910933589166626 -1.7869898292526285
0.9764292258179472 5.05389 168.361 0.7832061306330921 -0.1776246494620083
0.876717194571057 10.2108 290.393 0.6075471832778286 -0.42302545891677923
0.873873941489113 10.2108 291.089 0.5998805823886612 -1.23661341170955
0.001762396706940269 10.1956 398.682 -0.39966937822990856 -1.9601443646046868
0.31679088020151763 10.2032 356.074 -0.04099055007591988 -0.7367752746977034
0.19020277794351007 0.73914 35.5724 0.17227377166691707 1.8541113422598035
1.5562665252933576 3.64998 94.6693 1.4619573148320322 1.3840797856995926
0.19069584759328342 11.7958 398.133 -0.1649828521421874 0.7697633062758243
0.30953603280707814 11.1557 376.437 -0.07167360111718651 1.2848337548743578
0.9985555390876313 5.20662 169.534 0.8189736527665494 -1.3457322984676734
0.9167898336744078 10.2108 288.76 0.6256365084076932 0.9314412182301698
2.059151314532919 11.4681 218.073 1.8970316874845103 0.1628101872938446
0.5420549252766512 11.8034 354.442 0.23272177234030259 -2.2901491109445824
1.025506062335409 5.31114 170.196 0.8451777761669704 -2.107768315845607
1.544404272865271 10.8433 241.113 1.3698720591146059 -0.4264489758098848
1.541345178561552 10.8356 242.141 1.3529077197417096 1.6425168115747708
1.5413463259138112 10.8433 241.059 1.3706801606984165 -0.6723699455423133
0.5378233158951201 11.8034 354.436 0.23258655318588492 0.8710898341039994
0.19888874577792143 11.1557 384.932 -0.14547757824220364 0.8091636251320445
0.003956951643801447 10.1956 398.986 -0.4021050814371667 -1.8509469613435476
1.9730124150923403 10.5391 207.91 1.8268760667843158 1.2866906056556349
1.4383278735256686 3.37525 92.5289 1.3445860669956822 0.26042854928108833
0.3951073324939955 11.1557 362.148 0.056234556113392696 2.1367168112001043
0.7984133093581287 4.53978 166.334 0.6335839128645311 1.044949598991676
0.5428184103207181 3.5814 161.331 0.3587037167621258 1.864980345946667
2.00795714075483 11.4757 222.684 1.8188276664651608 -1.0299241825696337
0.724961646168445 11.7958 333.57 0.43880917374465794 0.8974834137874171
0.5332871848852643 11.7881 362.105 0.15711152685234556 -1.4101628492572447
0.41206513933193767 11.7958 373.401 0.0537239684906471 -2.2142939215645248
0.7215306118156904 11.7958 337.834 0.39527984293689283 0.5238671947826665
2.0786009212704566 8.99253 177.864 1.928991897659182 1.2657495330483943
1.9201961529365226 10.5308 212.306 1.7476146276613425 0.15629677782040396
1.9368106424335818 11.1633 221.612 1.7561327619521139 -0.15243216346578845
0.7635257940721087 11.7958 328.757 0.48873491536565433 1.330315530086496
1.3954320613042948 11.4681 266.452 1.1574305468298327 1.1581526210704065
