3.590953481088296257e+02 2.005446553230285645e-01
3.472960124390293117e+02 4.011020064353942871e-01
3.360275582167488437e+02 6.016721129417419434e-01
3.252656431546366207e+02 8.022548556327819824e-01
3.151078844589911228e+02 1.002850294113159180e+00
3.058323239682981693e+02 1.203458547592163086e+00
2.970349345772884817e+02 1.404079318046569824e+00
2.885571643257229653e+02 1.604712843894958496e+00
2.800982798908032123e+02 1.805359244346618652e+00
2.711004941280536400e+02 2.006018161773681641e+00
2.610528274047243826e+02 2.206689834594726562e+00
2.504870265261184556e+02 2.407374382019042969e+00
2.409359298654403005e+02 2.608071565628051758e+00
2.319036207473612592e+02 2.808781147003173828e+00
2.238007474719875063e+02 3.009503841400146484e+00
2.161097968129685967e+02 3.210238933563232422e+00
2.091428252630250313e+02 3.410987138748168945e+00
2.026066085270976487e+02 3.611747741699218750e+00
1.966541197995608741e+02 3.812520980834960938e+00
1.914475920906251361e+02 4.013307094573974609e+00
1.863789101121094518e+02 4.214106082916259766e+00
1.820494865719015536e+02 4.414917469024658203e+00
1.778546956396539827e+02 4.615741729736328125e+00
1.737053743854336005e+02 4.816578865051269531e+00
1.695576044600483954e+02 5.017428874969482422e+00
1.655088757728215967e+02 5.218290805816650391e+00
1.615282708417672097e+02 5.419166564941406250e+00
1.576240957833626339e+02 5.620054244995117188e+00
1.538142855244277598e+02 5.820955276489257812e+00
1.501356310922294313e+02 6.021868228912353516e+00
1.465621913941268417e+02 6.222794532775878906e+00
1.430738045990766807e+02 6.423733234405517578e+00
1.397036529475684006e+02 6.624685287475585938e+00
1.364320585847119105e+02 6.825649261474609375e+00
1.332370787516063899e+02 7.026626586914062500e+00
1.301306830482586179e+02 7.227616310119628906e+00
1.271128415257642246e+02 7.428618431091308594e+00
1.241649863219576275e+02 7.629633903503417969e+00
1.212845352105187118e+02 7.830661773681640625e+00
1.184647297517422544e+02 8.031702995300292969e+00
1.157104833752637347e+02 8.232755661010742188e+00
1.130202718648441191e+02 8.433822631835937500e+00
1.103899679605142694e+02 8.634901046752929688e+00
1.078196560880801798e+02 8.835992813110351562e+00
1.053091911677163068e+02 9.037097930908203125e+00
1.028559575035704228e+02 9.238214492797851562e+00
1.004489616066688740e+02 9.439344406127929688e+00
9.809829330992116070e+01 9.640487670898437500e+00
9.580263445630700403e+01 9.841643333435058594e+00
9.355654501622656483e+01 1.004281139373779297e+01
9.135694803301886679e+01 1.024399185180664062e+01
8.920906551711759391e+01 1.044518661499023438e+01
8.711168161573272073e+01 1.064639282226562500e+01
8.504418068914137052e+01 1.084761238098144531e+01
8.301173117621179642e+01 1.104884338378906250e+01
8.102785466368194989e+01 1.125008869171142578e+01
7.909139031761574756e+01 1.145134639739990234e+01
7.717408875217479647e+01 1.165261745452880859e+01
7.528777445683611802e+01 1.185389995574951172e+01
7.344756607189211195e+01 1.205519676208496094e+01
7.165233666161496728e+01 1.225650501251220703e+01
6.988143882574327392e+01 1.245782661437988281e+01
6.813882631568638715e+01 1.265916061401367188e+01
6.643966881186919693e+01 1.286050701141357422e+01
6.478288268981603437e+01 1.306186676025390625e+01
6.316009078066213789e+01 1.326323890686035156e+01
6.156348390951495020e+01 1.346462535858154297e+01
6.000723723211490324e+01 1.366602230072021484e+01
5.849033049402820694e+01 1.386743354797363281e+01
5.701176923155720999e+01 1.406885719299316406e+01
5.551078546100357869e+01 1.427029418945312500e+01
5.404757691545648868e+01 1.447174358367919922e+01
5.262293707741338977e+01 1.467320537567138672e+01
5.123584931448575475e+01 1.487467956542968750e+01
4.986797487355502057e+01 1.507616710662841797e+01
4.851799180201566486e+01 1.527766704559326172e+01
4.720455431505366306e+01 1.547918033599853516e+01
4.592667308192830689e+01 1.568070602416992188e+01
4.468338555421273384e+01 1.588224506378173828e+01
4.331186730550970054e+01 1.608379745483398438e+01
4.195349695395390199e+01 1.628536224365234375e+01
4.063772855255115957e+01 1.648693656921386719e+01
3.936322599575800041e+01 1.668852806091308594e+01
3.811984852545054991e+01 1.689013099670410156e+01
3.670081107371225215e+01 1.709174537658691406e+01
3.533459826234709311e+01 1.729337501525878906e+01
3.401924365796242711e+01 1.749501609802246094e+01
3.275285402899447718e+01 1.769667053222656250e+01
3.153360662072028120e+01 1.789833641052246094e+01
3.035925351536529959e+01 1.810001564025878906e+01
2.922860078276656637e+01 1.830170631408691406e+01
2.814005631877483182e+01 1.850341224670410156e+01
2.709205190864656032e+01 1.870513153076171875e+01
2.608307774178457095e+01 1.890686225891113281e+01
2.511908542399872601e+01 1.910860633850097656e+01
2.420087423290506479e+01 1.931036186218261719e+01
2.331622763133439591e+01 1.951213073730468750e+01
2.246391868840113304e+01 1.971391296386718750e+01
2.164276532284900512e+01 1.991570663452148438e+01
2.085162866360313672e+01 2.011751556396484375e+01
2.009797227282712129e+01 2.031933593750000000e+01
1.938178375612541871e+01 2.052116775512695312e+01
1.869111652010280267e+01 2.072301292419433594e+01
1.802506111738291494e+01 2.092487335205078125e+01
1.738274050862330711e+01 2.112674331665039062e+01
1.676330890765959580e+01 2.132862854003906250e+01
1.616662901380717443e+01 2.153052711486816406e+01
1.561640664942925838e+01 2.173243713378906250e+01
1.508491080187826405e+01 2.193435859680175781e+01
1.457150412441008491e+01 2.213629531860351562e+01
1.407557096202798874e+01 2.233824348449707031e+01
1.359651661321589167e+01 2.254020500183105469e+01
1.313376661679808777e+01 2.274217987060546875e+01
1.269142891660806605e+01 2.294416809082031250e+01
1.227473144664117299e+01 2.314616775512695312e+01
1.187171539762520389e+01 2.334817886352539062e+01
1.148193156769854184e+01 2.355020523071289062e+01
1.110494550363667976e+01 2.375224494934082031e+01
1.074033701661043416e+01 2.395429420471191406e+01
1.038769971384331114e+01 2.415635871887207031e+01
1.004881429419457284e+01 2.435843658447265625e+01
9.723514225436492353e+00 2.456052780151367188e+01
9.408744765727000470e+00 2.476262855529785156e+01
9.104165018344618332e+00 2.496474456787109375e+01
8.809445122071544176e+00 2.516687393188476562e+01
8.524265893952462037e+00 2.536901283264160156e+01
8.248318483618003683e+00 2.557116889953613281e+01
7.983123537433006511e+00 2.577333641052246094e+01
7.728111827984866622e+00 2.597551536560058594e+01
7.481246174607477428e+00 2.617770957946777344e+01
7.242266360898811151e+00 2.637991333007812500e+01
7.010920482770833573e+00 2.658213233947753906e+01
6.786964682922186576e+00 2.678436279296875000e+01
6.570162893792831582e+00 2.698660659790039062e+01
6.361866424346391824e+00 2.718886375427246094e+01
6.161845036084473648e+00 2.739113426208496094e+01
5.968112455712190290e+00 2.759341621398925781e+01
5.780470958851080532e+00 2.779571342468261719e+01
5.598729037711030365e+00 2.799802017211914062e+01
5.422701205636526467e+00 2.820034217834472656e+01
5.252207807798104255e+00 2.840267562866210938e+01
5.087897186279130679e+00 2.860502433776855469e+01
4.930261410165779346e+00 2.880738258361816406e+01
4.777509584533556897e+00 2.900975608825683594e+01
4.629490392385203101e+00 2.921214103698730469e+01
4.486057204902372142e+00 2.941453933715820312e+01
4.347067936194126681e+00 2.961695098876953125e+01
4.212384902545688092e+00 2.981937408447265625e+01
4.082038174555803423e+00 3.002181243896484375e+01
3.957028469251631542e+00 3.022426223754882812e+01
3.835847103064335517e+00 3.042672538757324219e+01
3.718376835653591339e+00 3.062920188903808594e+01
3.604504017086554324e+00 3.083168983459472656e+01
3.494118477884013974e+00 3.103419113159179688e+01
3.387113422433821963e+00 3.123670578002929688e+01
3.283385325668451760e+00 3.143923187255859375e+01
3.183907622360359735e+00 3.164177131652832031e+01
3.087744142421618321e+00 3.184432601928710938e+01
2.994485085591445550e+00 3.204689025878906250e+01
2.904042729653474986e+00 3.224946975708007812e+01
2.816332001863184775e+00 3.245206069946289062e+01
2.731270398925965015e+00 3.265466690063476562e+01
2.648777909392087349e+00 3.285728454589843750e+01
2.569140245611839291e+00 3.305991363525390625e+01
2.492573272791111627e+00 3.326255798339843750e+01
2.418288192263708059e+00 3.346521377563476562e+01
2.346216997782986091e+00 3.366788101196289062e+01
2.276293709862984738e+00 3.387056732177734375e+01
2.208454315375758092e+00 3.407325744628906250e+01
2.142636708948856050e+00 3.427597045898437500e+01
2.078780636109317292e+00 3.447868728637695312e+01
2.017493466051241580e+00 3.468142318725585938e+01
1.958168355744933198e+00 3.488416671752929688e+01
1.900587721330159630e+00 3.508692550659179688e+01
1.844700265875142575e+00 3.528969955444335938e+01
1.790456200852559743e+00 3.549248504638671875e+01
1.737807201784379307e+00 3.569528579711914062e+01
1.686706365190970169e+00 3.589809417724609375e+01
1.637222568577207049e+00 3.610091781616210938e+01
1.589748920908637286e+00 3.630375289916992188e+01
1.543651840645266393e+00 3.650660705566406250e+01
1.498891412214684804e+00 3.670946884155273438e+01
1.455428877454512770e+00 3.691234207153320312e+01
1.413226602051613323e+00 3.711523056030273438e+01
1.372248042954451241e+00 3.731813430786132812e+01
1.332457716730376829e+00 3.752104568481445312e+01
1.294006375186678826e+00 3.772397613525390625e+01
1.256967112584333135e+00 3.792691421508789062e+01
1.220988051075608150e+00 3.812986755371093750e+01
1.186038843772366347e+00 3.833283615112304688e+01
1.152090012426979948e+00 3.853581237792968750e+01
1.119112922568619162e+00 3.873880386352539062e+01
1.087079759351229358e+00 3.894180679321289062e+01
1.055963504092829686e+00 3.914482879638671875e+01
1.025867480035953072e+00 3.934785842895507812e+01
9.969665444472275428e-01 3.955090332031250000e+01
9.688798115641714670e-01 3.975395965576171875e+01
9.415843435118540494e-01 3.995702743530273438e+01
9.150578486255604993e-01 4.016011047363281250e+01
8.892786632456337603e-01 4.036320877075195312e+01
8.642257340251955355e-01 4.056631469726562500e+01
8.398786007362974981e-01 4.076943588256835938e+01
8.162173795604610316e-01 4.097256851196289062e+01
7.934632691667226068e-01 4.117572021484375000e+01
7.714810303245843714e-01 4.137887954711914062e+01
7.501077910962785644e-01 4.158205032348632812e+01
7.293266796548585340e-01 4.178524017333984375e+01
7.091212915932870731e-01 4.198843765258789062e+01
6.894756769749575964e-01 4.219164657592773438e+01
6.703743277429695668e-01 4.239487075805664062e+01
6.518021654782188978e-01 4.259811019897460938e+01
6.337445294966413956e-01 4.280136108398437500e+01
6.162398007046753223e-01 4.300462341308593750e+01
5.994765470081555581e-01 4.320790100097656250e+01
5.831692954623775016e-01 4.341119003295898438e+01
5.673056416758518461e-01 4.361449050903320312e+01
5.518735186873583443e-01 4.381781005859375000e+01
5.368611877870037574e-01 4.402113723754882812e+01
5.222572295869695180e-01 4.422447967529296875e+01
5.080505353351590925e-01 4.442783355712890625e+01
4.942302984651335551e-01 4.463120269775390625e+01
4.807860063759114011e-01 4.483458328247070312e+01
4.677074324353775459e-01 4.503797531127929688e+01
4.551478771047725025e-01 4.524138259887695312e+01
4.430769546934033021e-01 4.544480133056640625e+01
4.313261637715802843e-01 4.564823532104492188e+01
4.198870141703580083e-01 4.585168075561523438e+01
4.087512408875461634e-01 4.605513763427734375e+01
3.979107981160892038e-01 4.625860977172851562e+01
3.873578534308180221e-01 4.646209335327148438e+01
3.770847821293746849e-01 4.666558837890625000e+01
3.670841617232205589e-01 4.686909866333007812e+01
3.573487665747478448e-01 4.707262039184570312e+01
3.478715626766193947e-01 4.727616119384765625e+01
3.386457025695654433e-01 4.747970581054687500e+01
3.297618845754639039e-01 4.768326950073242188e+01
3.215660758989231649e-01 4.788684463500976562e+01
3.135739635347956078e-01 4.809043502807617188e+01
3.057804848725045876e-01 4.829403686523437500e+01
2.981807031261657914e-01 4.849765014648437500e+01
2.907698042073758038e-01 4.870127487182617188e+01
2.835430936757239451e-01 4.890491485595703125e+01
2.764959937650945943e-01 4.910856628417968750e+01
2.696240404838774474e-01 4.931223297119140625e+01
2.629228807872477924e-01 4.951591491699218750e+01
2.563882698197268439e-01 4.971960449218750000e+01
2.500160682262739242e-01 4.992330932617187500e+01
2.438022395302089085e-01 5.012702560424804688e+01
2.377428475763019855e-01 5.033075714111328125e+01
2.318340540374129455e-01 5.053450393676757812e+01
2.261780493407174186e-01 5.073825836181640625e+01
2.207349530469135124e-01 5.094202804565429688e+01
2.154228477902592476e-01 5.114581298828125000e+01
2.102385812010577615e-01 5.134960937500000000e+01
2.051790767730828913e-01 5.155341720581054688e+01
2.002413320378840234e-01 5.175723648071289062e+01
1.954224167830271031e-01 5.196107482910156250e+01
1.907194713132148445e-01 5.216492080688476562e+01
1.861297047532539939e-01 5.236878204345703125e+01
1.816503933918624525e-01 5.257265472412109375e+01
1.772788790653337110e-01 5.277654266357421875e+01
1.730125675800991969e-01 5.298044586181640625e+01
1.688489271732526997e-01 5.318435668945312500e+01
1.647854870101225500e-01 5.338828659057617188e+01
1.608198357180013471e-01 5.359222412109375000e+01
1.569496199551615179e-01 5.379617691040039062e+01
1.531725430143087707e-01 5.400014114379882812e+01
1.494856619331645375e-01 5.420411682128906250e+01
1.458753935311343786e-01 5.440810775756835938e+01
1.423523176916961508e-01 5.461211395263671875e+01
1.389143286038338476e-01 5.481612777709960938e+01
1.355593713145395451e-01 5.502016067504882812e+01
1.322854405005276512e-01 5.522420501708984375e+01
1.290905792696142029e-01 5.542826080322265625e+01
1.259728779910445906e-01 5.563233184814453125e+01
1.229304731540696027e-01 5.583641433715820312e+01
1.199615462540891409e-01 5.604050827026367188e+01
1.170643227056965829e-01 5.624461746215820312e+01
1.142370707819743147e-01 5.644873809814453125e+01
1.114781005794070190e-01 5.665287017822265625e+01
1.087857630077935372e-01 5.685702133178710938e+01
1.061584488045532321e-01 5.706118011474609375e+01
1.035945875728387922e-01 5.726535415649414062e+01
1.010926468428791497e-01 5.746954345703125000e+01
9.865113115599256910e-02 5.767374038696289062e+01
9.626858117072208121e-02 5.787795257568359375e+01
9.394357279055834398e-02 5.808218002319335938e+01
9.167471631272960941e-02 5.828641891479492188e+01
8.946065559754944052e-02 5.849067306518554688e+01
8.721836725996956474e-02 5.869493865966796875e+01
8.496409613268439409e-02 5.889921569824218750e+01
8.276808954846461008e-02 5.910350418090820312e+01
8.062884158509103782e-02 5.930780792236328125e+01
7.854488524284541917e-02 5.951212310791015625e+01
7.651479143850818676e-02 5.971645736694335938e+01
7.453716802535767516e-02 5.992079925537109375e+01
7.261065883849873726e-02 6.012515640258789062e+01
7.073394276486608123e-02 6.032952880859375000e+01
6.890573283726446341e-02 6.053390884399414062e+01
6.712477535182477528e-02 6.073830413818359375e+01
