1.170000000000000000e+02 3.511625467549887958e+02 2.618461020373800352e+02 8.931644471760876058e+01
1.320000000000000000e+02 3.476413488406018928e+02 2.618525392272650834e+02 8.578880961333680943e+01
1.760000000000000000e+02 3.450709090777087340e+02 2.617799627055433120e+02 8.329094637216543617e+01
5.300000000000000000e+02 3.295354639544415249e+02 2.541862459269422345e+02 7.534921802749929043e+01
5.660000000000000000e+02 3.284708095212396302e+02 2.531215914937403682e+02 7.534921802749929043e+01
5.930000000000000000e+02 3.309577748073834300e+02 2.526697578567748508e+02 7.828801695060860766e+01
6.200000000000000000e+02 3.139541547004125164e+02 2.513521850899742844e+02 6.260196961043823904e+01
6.750000000000000000e+02 3.055886085841740396e+02 2.483940685188341604e+02 5.719454006533990764e+01
7.400000000000000000e+02 3.011706432831138045e+02 2.462066382978723311e+02 5.496400498524145917e+01
8.050000000000000000e+02 2.981181020314844545e+02 2.446906425771263400e+02 5.342745945435810029e+01
8.140000000000000000e+02 2.979230972811711240e+02 2.445094629156010058e+02 5.341363436557010402e+01
1.096000000000000000e+03 2.901019995286340531e+02 2.384409692387008022e+02 5.166103028993323676e+01
1.398000000000000000e+03 2.821033424056399781e+02 2.321677933784017682e+02 4.993554902723818856e+01
1.528000000000000000e+03 2.786579276278561110e+02 2.295458500087002278e+02 4.911207761915586190e+01
2.036000000000000000e+03 2.629895267295944450e+02 2.195579133510167651e+02 4.343161337857765147e+01
2.150000000000000000e+03 2.594321839545535795e+02 2.173075421472936739e+02 4.212464180725990559e+01
2.458000000000000000e+03 2.507459421897019354e+02 2.114972207279899692e+02 3.924872146171196619e+01
2.688000000000000000e+03 2.443665227675058986e+02 2.072137308039746983e+02 3.715279196353120739e+01
2.743000000000000000e+03 2.399362842668480198e+02 2.061096435679392016e+02 3.382664069890881109e+01
2.754000000000000000e+03 2.394795869233035432e+02 2.059033484162895888e+02 3.357623850701394730e+01
2.821000000000000000e+03 2.367046654071978082e+02 2.045882139619220084e+02 3.211645144527579987e+01
2.866000000000000000e+03 2.319069132988082629e+02 2.037581260214272731e+02 2.814878727738098618e+01
3.023000000000000000e+03 2.285466673468505974e+02 2.006872150282691791e+02 2.785945231858142535e+01
3.126000000000000000e+03 2.236114574849388532e+02 1.987195902688860372e+02 2.489186721605281249e+01
3.137000000000000000e+03 2.232099146976054271e+02 1.985083257090576296e+02 2.470158898854780460e+01
3.358000000000000000e+03 2.147567314990120906e+02 1.940356683213825875e+02 2.072106317762949956e+01
3.465000000000000000e+03 2.109864706742145586e+02 1.919616589861751095e+02 1.902481168803944556e+01
3.500000000000000000e+03 2.077983788831298568e+02 1.912444198487364133e+02 1.655395903439344707e+01
3.524000000000000000e+03 2.037480765308404500e+02 1.906718317653569841e+02 1.307624476548346948e+01
3.536000000000000000e+03 2.024567840969482972e+02 1.903855377236672268e+02 1.207124637328105621e+01
3.560000000000000000e+03 2.028891944057712635e+02 1.898129496402877976e+02 1.307624476548346948e+01
3.584000000000000000e+03 2.045531446551841270e+02 1.892403615569083399e+02 1.531278309827578532e+01
3.596000000000000000e+03 2.045741614074086101e+02 1.890238051300977986e+02 1.555035627731079728e+01
3.632000000000000000e+03 2.044045948598136420e+02 1.883731756881581418e+02 1.603141917165550723e+01
3.669000000000000000e+03 2.052364163963164287e+02 1.876516916250693043e+02 1.758472477124713862e+01
3.705000000000000000e+03 2.020927873811881739e+02 1.869291396854764002e+02 1.516364769571177185e+01
3.828000000000000000e+03 1.935852709024046590e+02 1.844672723901353777e+02 9.117998512269277711e+00
4.015000000000000000e+03 1.866807225809102135e+02 1.802842827982928213e+02 6.396439782617387770e+00
4.028000000000000000e+03 1.882441675085767656e+02 1.799962887363147104e+02 8.247878772262049907e+00
4.041000000000000000e+03 1.911097282345030237e+02 1.798417827298050042e+02 1.126794550469802836e+01
4.066000000000000000e+03 1.888091831683171051e+02 1.793986247909310805e+02 9.410558377386017526e+00
4.091000000000000000e+03 1.889998032839520192e+02 1.789548075134833880e+02 1.004499577046863479e+01
4.104000000000000000e+03 1.871816968024713788e+02 1.786661707271712771e+02 8.515526075300087427e+00
4.207000000000000000e+03 1.835703916088767755e+02 1.766198547215496433e+02 6.950536887327137592e+00
4.415000000000000000e+03 1.796044229214242023e+02 1.730260445943414140e+02 6.578378327082798904e+00
4.428000000000000000e+03 1.799042216168785444e+02 1.728648040502531273e+02 7.039417566625403744e+00
4.455000000000000000e+03 1.837870753914828583e+02 1.724120848189153605e+02 1.137499057256750312e+01
4.481000000000000000e+03 1.884568113629622133e+02 1.718296115593920206e+02 1.662719980357018201e+01
4.521000000000000000e+03 1.869500118565910611e+02 1.709559016701069538e+02 1.599411018648411442e+01
4.548000000000000000e+03 1.867447641074365947e+02 1.703734284105836139e+02 1.637133569685298085e+01
4.588000000000000000e+03 1.850628781379172096e+02 1.695633564858269438e+02 1.549952165209026056e+01
4.683000000000000000e+03 1.814793736048373489e+02 1.677128359330953060e+02 1.376653767174204113e+01
4.764000000000000000e+03 1.803040070524803014e+02 1.663379167451497267e+02 1.396609030733056933e+01
4.792000000000000000e+03 1.789662989311588603e+02 1.657532491994725774e+02 1.321304973168627406e+01
4.916000000000000000e+03 1.763063518179413052e+02 1.637390811117413421e+02 1.256727070619995068e+01
4.944000000000000000e+03 1.749875929575168243e+02 1.633993561825411973e+02 1.158823677497563587e+01
5.028000000000000000e+03 1.682908937556214539e+02 1.617585749478870696e+02 6.532318807734386112e+00
5.042000000000000000e+03 1.685771782832557335e+02 1.615869523990138248e+02 6.990225884241921150e+00
5.057000000000000000e+03 1.646902503103185040e+02 1.611703619480765610e+02 3.519888362241955893e+00
5.085000000000000000e+03 1.636530835200767058e+02 1.606430331753554412e+02 3.010050344721275195e+00
5.185000000000000000e+03 1.605987472779401060e+02 1.588847103513770094e+02 1.714036926563106356e+00
5.199000000000000000e+03 1.611434123696607230e+02 1.586501995059851708e+02 2.493212863675565050e+00
5.213000000000000000e+03 1.619935393021810057e+02 1.584155103592473210e+02 3.578028942933694889e+00
5.242000000000000000e+03 1.594372797666248687e+02 1.579455963477268483e+02 1.491683418898031688e+00
5.343000000000000000e+03 1.574444025335099013e+02 1.563548941041786122e+02 1.089508429331288220e+00
5.416000000000000000e+03 1.560873282780833335e+02 1.552296806272709659e+02 8.576476508123812570e-01
5.505000000000000000e+03 1.546250647402354446e+02 1.536839685883930429e+02 9.410961518423919259e-01
5.549000000000000000e+03 1.538999472358394485e+02 1.529093348667816770e+02 9.906123690577853802e-01
5.564000000000000000e+03 1.545008979495883352e+02 1.527289468636101901e+02 1.771951085978149765e+00
5.594000000000000000e+03 1.566653484684734963e+02 1.522503359569975032e+02 4.415012511475982393e+00
5.609000000000000000e+03 1.572425667109022527e+02 1.520691642651296718e+02 5.173402445772572023e+00
5.654000000000000000e+03 1.598873281622970808e+02 1.514073503944583479e+02 8.479977767838718705e+00
5.669000000000000000e+03 1.598434211855161493e+02 1.512251107259772880e+02 8.618310459538855994e+00
5.745000000000000000e+03 1.578381238679536693e+02 1.498462131431875264e+02 7.991910724766144725e+00
5.760000000000000000e+03 1.568946868767925480e+02 1.495471189053767773e+02 7.347567971415779553e+00
5.775000000000000000e+03 1.561726332109661541e+02 1.492480246675659998e+02 6.924608543400167626e+00
5.790000000000000000e+03 1.560520623613171836e+02 1.489489304297552508e+02 7.103131931561934564e+00
5.851000000000000000e+03 1.558990723898803594e+02 1.479806987068133708e+02 7.918373683066985969e+00
6.068000000000000000e+03 1.523398561214428923e+02 1.449056603773585152e+02 7.434195744084374446e+00
6.130000000000000000e+03 1.505184193608394025e+02 1.439220728618741418e+02 6.596346498965269589e+00
6.146000000000000000e+03 1.493793798967463431e+02 1.437317215831546093e+02 5.647658313591736423e+00
6.178000000000000000e+03 1.471679084882907205e+02 1.432382439024389953e+02 3.929664585851715852e+00
6.193000000000000000e+03 1.453512516519948008e+02 1.428239422889452044e+02 2.527309363049588864e+00
6.209000000000000000e+03 1.449866486466370930e+02 1.424102863822326128e+02 2.576362264404492564e+00
6.225000000000000000e+03 1.455096880740442771e+02 1.421079290863043241e+02 3.401758987739959217e+00
6.257000000000000000e+03 1.441408792597156037e+02 1.416135698966660073e+02 2.527309363049588864e+00
6.289000000000000000e+03 1.446655539184501720e+02 1.410083837005264229e+02 3.657170217923736644e+00
6.305000000000000000e+03 1.444054944212204816e+02 1.408156097560975581e+02 3.589884665122911933e+00
6.321000000000000000e+03 1.441026651529277842e+02 1.405127804878048607e+02 3.589884665122911933e+00
6.337000000000000000e+03 1.437998358846351152e+02 1.402099512195121918e+02 3.589884665122911933e+00
6.500000000000000000e+03 1.420704951724270586e+02 1.379352560329605524e+02 4.135239139466502678e+00
6.516000000000000000e+03 1.417990044450373261e+02 1.377388572550559616e+02 4.060147189981356597e+00
6.599000000000000000e+03 1.404164622113209191e+02 1.366444750837108586e+02 3.771987127610072932e+00
6.648000000000000000e+03 1.396430539062886282e+02 1.359416058394160416e+02 3.701448066872583098e+00
6.867000000000000000e+03 1.362732024061962477e+02 1.329052255116232857e+02 3.367976894572968227e+00
6.952000000000000000e+03 1.346626730696930281e+02 1.316773551085441056e+02 2.985317961148920229e+00
7.108000000000000000e+03 1.318143674462955346e+02 1.294109178164367222e+02 2.403449629858806169e+00
7.213000000000000000e+03 1.303276022838733752e+02 1.280610319213009518e+02 2.266570362572411845e+00
7.392000000000000000e+03 1.277879891699457033e+02 1.257530814305920330e+02 2.034907739353670308e+00
7.410000000000000000e+03 1.275557296326969379e+02 1.255409504550050599e+02 2.014779177691875311e+00
7.575000000000000000e+03 1.253307382024927676e+02 1.234150905023388418e+02 1.915647700153926714e+00
7.593000000000000000e+03 1.250963025468235514e+02 1.231996743334011768e+02 1.896628213422371312e+00
7.705000000000000000e+03 1.235766595976498792e+02 1.217006330406371291e+02 1.876026557012745455e+00
7.743000000000000000e+03 1.227919763884902835e+02 1.212648803436285476e+02 1.527096044861729007e+00
8.010000000000000000e+03 1.192328206707338722e+02 1.178815273477812298e+02 1.351293322952637155e+00
8.087000000000000000e+03 1.181348603489936977e+02 1.169381080521631162e+02 1.196752296830577711e+00
8.146000000000000000e+03 1.172954299653963517e+02 1.162148931756896957e+02 1.080536789706658229e+00
8.185000000000000000e+03 1.165463228660136963e+02 1.155710433520016522e+02 9.752795140120460449e-01
8.345000000000000000e+03 1.144977510538377601e+02 1.136557479657834335e+02 8.420030880543210028e-01
8.385000000000000000e+03 1.140041817275589437e+02 1.131970741901776449e+02 8.071075373813009213e-01
8.405000000000000000e+03 1.136617689493703409e+02 1.129199247334309035e+02 7.418442159394361690e-01
8.446000000000000000e+03 1.130373592422122329e+02 1.124119740422859621e+02 6.253851999262770578e-01
8.507000000000000000e+03 1.122230124363223922e+02 1.116242398825749689e+02 5.987725537474235527e-01
8.609000000000000000e+03 1.109276523400447587e+02 1.104138076194485478e+02 5.138447205962076714e-01
8.713000000000000000e+03 1.096342053608445184e+02 1.091941686034227814e+02 4.400367574217363686e-01
8.797000000000000000e+03 1.084011614811877990e+02 1.080651851851851859e+02 3.359762960026141387e-01
8.839000000000000000e+03 1.079926486480877372e+02 1.075904176383294555e+02 4.022310097582854072e-01
8.882000000000000000e+03 1.075941882274941293e+02 1.071140369505202727e+02 4.801512769738557340e-01
8.946000000000000000e+03 1.067169208985510807e+02 1.063058923633269472e+02 4.110285352241290768e-01
8.989000000000000000e+03 1.062320293403785740e+02 1.058256978478585211e+02 4.063314925200590677e-01
9.097000000000000000e+03 1.050106403278093836e+02 1.046180184035951299e+02 3.926219242142516275e-01
9.163000000000000000e+03 1.043470270191009064e+02 1.038884359579489285e+02 4.585910611519846691e-01
9.207000000000000000e+03 1.038385767609027397e+02 1.033999570169783055e+02 4.386197439244359231e-01
9.251000000000000000e+03 1.033292441640491717e+02 1.029097954790097020e+02 4.194486850394715804e-01
9.273000000000000000e+03 1.030742351313068781e+02 1.026640810170221840e+02 4.101541142846946708e-01
9.363000000000000000e+03 1.021749253043736019e+02 1.017649859337805651e+02 4.099393705930347576e-01
9.430000000000000000e+03 1.012823468650489644e+02 1.009321482766095954e+02 3.501985884393649662e-01
9.475000000000000000e+03 1.007680523921401772e+02 1.004334419109663514e+02 3.346104811738321860e-01
9.704000000000000000e+03 9.833778627440659648e+01 9.799956149967113106e+01 3.382247747354592549e-01
9.750000000000000000e+03 9.785197823716571008e+01 9.749000658906216188e+01 3.619716481035456512e-01
9.820000000000000000e+03 9.703456978387451670e+01 9.672230786170447914e+01 3.122619221700318470e-01
9.867000000000000000e+03 9.660192801829384734e+01 9.629322146169131713e+01 3.087065566025307128e-01
9.962000000000000000e+03 9.552172852056743579e+01 9.525902947041878122e+01 2.626990501486560770e-01
1.003400000000000000e+04 9.474128290145995379e+01 9.447856031992890280e+01 2.627225815310511581e-01
1.005800000000000000e+04 9.441773421531125621e+01 9.417559457657257838e+01 2.421396387386837157e-01
1.010600000000000000e+04 9.381340029486925403e+01 9.361050523035834203e+01 2.028950645109065254e-01
1.015500000000000000e+04 9.337877205116566870e+01 9.316848917652309581e+01 2.102828746425687012e-01
1.025300000000000000e+04 9.230552457239124919e+01 9.211198208286675992e+01 1.935424895244875210e-01
1.063000000000000000e+04 8.837513695689688120e+01 8.824198317034343120e+01 1.331537865534456466e-01
1.076000000000000000e+04 8.706517715666893764e+01 8.695174937114110492e+01 1.134277855278387204e-01
1.083900000000000000e+04 8.622095118453385965e+01 8.612336620041274671e+01 9.758498412111991926e-02
1.091800000000000000e+04 8.537420472852910791e+01 8.529041158887099527e+01 8.379313965811870102e-02
1.102600000000000000e+04 8.417993797810987644e+01 8.409499654138807045e+01 8.494143672181103666e-02
1.121700000000000000e+04 8.226573421290979127e+01 8.219651567944251269e+01 6.921853346728124023e-02
1.138500000000000000e+04 8.046242029262678841e+01 8.040700116686113574e+01 5.541912576564818338e-02
1.147000000000000000e+04 7.945071510948675098e+01 7.939453398738612577e+01 5.618112210063010148e-02
1.161500000000000000e+04 7.777631378332458212e+01 7.772712380060846726e+01 4.918998271611842166e-02
1.182300000000000000e+04 7.514788311654277209e+01 7.511433247603460472e+01 3.355064050816053411e-02
1.191500000000000000e+04 7.363521145706108939e+01 7.361264822134387487e+01 2.256323571721435481e-02
1.204000000000000000e+04 7.198437494529555636e+01 7.196846742406677322e+01 1.590752122878142868e-02
1.207200000000000000e+04 7.155640197187288720e+01 7.154227472782025643e+01 1.412724405263673759e-02
1.210300000000000000e+04 7.112940332499933049e+01 7.111687109465401591e+01 1.253223034530838616e-02
1.246400000000000000e+04 6.680602636898234437e+01 6.679493670886076018e+01 1.108966012159006732e-02
1.249800000000000000e+04 6.654087838403553690e+01 6.652961511869094124e+01 1.126326534460118066e-02
1.256600000000000000e+04 6.597771669764522073e+01 6.596627396627397388e+01 1.144273137125107614e-02
1.270600000000000000e+04 6.406447034066331980e+01 6.405870213253840006e+01 5.768208124914836650e-03
1.284900000000000000e+04 6.255427344178156090e+01 6.254911838790932421e+01 5.155053872237683708e-03
1.341800000000000000e+04 5.693478684019302705e+01 5.693141945773524526e+01 3.367382457784570161e-03
1.361900000000000000e+04 5.506589408426801668e+01 5.506299749829429402e+01 2.896585973725189153e-03
1.366000000000000000e+04 5.473777464156714245e+01 5.473492605233220587e+01 2.848589234934043903e-03
1.387000000000000000e+04 5.304440414649670998e+01 5.304169514695831111e+01 2.708999538399640104e-03
1.498700000000000000e+04 4.484322922582961723e+01 4.484109149277688289e+01 2.137733052734268075e-03
1.514200000000000000e+04 4.365546355040022064e+01 4.365332723530757164e+01 2.136315092649884902e-03
1.540800000000000000e+04 4.165234988656185777e+01 4.165021605640209401e+01 2.133830159760753426e-03
1.546200000000000000e+04 4.126184716183106360e+01 4.125971370143149386e+01 2.133460399573234093e-03
1.551700000000000000e+04 4.094637766892047637e+01 4.094428019103934702e+01 2.097477881128100973e-03
1.597600000000000000e+04 3.834918249270037194e+01 3.834728894989704884e+01 1.893542803326221310e-03
1.609600000000000000e+04 3.769075050071551658e+01 3.768888888888888999e+01 1.861611826624180125e-03
1.647000000000000000e+04 3.526684602572562710e+01 3.526471256532605736e+01 2.133460399573234093e-03
1.762300000000000000e+04 2.985482993114400330e+01 2.985302925593181200e+01 1.800675212191936827e-03
1.848200000000000000e+04 2.586272158561163437e+01 2.586076238301757613e+01 1.959202594059923815e-03
1.857000000000000000e+04 2.548519712928621317e+01 2.548323831242873538e+01 1.958816857477472216e-03
1.865900000000000000e+04 2.510839492916811366e+01 2.510640236956026428e+01 1.992559607849388528e-03
1.875000000000000000e+04 2.473224486568565794e+01 2.473025267470976729e+01 1.992190975890970918e-03
1.877800000000000000e+04 2.460392660788004449e+01 2.460186490789174840e+01 2.061699988295962165e-03
1.942400000000000000e+04 2.242228264912874991e+01 2.242054574638844144e+01 1.736902740307419771e-03
1.954600000000000000e+04 2.203558574660334557e+01 2.203390764989662287e+01 1.678096706721667964e-03
2.029100000000000000e+04 1.951253315652770937e+01 1.951085714285714445e+01 1.676013670565667298e-03
2.090000000000000000e+04 1.766614073650199046e+01 1.766446619622126235e+01 1.674540280728786974e-03
2.172500000000000000e+04 1.547627105761822008e+01 1.547428053478359367e+01 1.990522834626160930e-03
2.216500000000000000e+04 1.441739232088219858e+01 1.441518644067796728e+01 2.205880204232167543e-03
2.302100000000000000e+04 1.267418448421077493e+01 1.267226128373780902e+01 1.923200472966017172e-03
2.320300000000000000e+04 1.233329954591154909e+01 1.233144154370034151e+01 1.858002211207449624e-03
2.346700000000000000e+04 1.185073828800046591e+01 1.184894342194955819e+01 1.794866050907264077e-03
2.358300000000000000e+04 1.162333711172064454e+01 1.162151123213070214e+01 1.825879589942583153e-03
2.398800000000000000e+04 1.086984586085932492e+01 1.086785633611926905e+01 1.989524740056084883e-03
2.420000000000000000e+04 1.049563539889390817e+01 1.049357674104124527e+01 2.058657852662644679e-03
2.442200000000000000e+04 1.011401482895326431e+01 1.011188496966973638e+01 2.129859283528127197e-03
2.462800000000000000e+04 9.769549500017388866e+00 9.767346024636058388e+00 2.203475381331051249e-03
2.465100000000000000e+04 9.734790261495552599e+00 9.732586786114222122e+00 2.203475381331051249e-03
2.488900000000000000e+04 9.395538906773264642e+00 9.393409549428378469e+00 2.129357344885872156e-03
2.513700000000000000e+04 9.055681077776036147e+00 9.053623513574153847e+00 2.057564201882202803e-03
2.539400000000000000e+04 8.715215066471248662e+00 8.713227037951941867e+00 1.988028519306062752e-03
2.566200000000000000e+04 8.351754755638303607e+00 8.349697377269670540e+00 2.057378368633304769e-03
2.594200000000000000e+04 7.993174534113868468e+00 7.991045444369824224e+00 2.129089744044605683e-03
2.653900000000000000e+04 7.269169008054229053e+00 7.266889632107023544e+00 2.279375947205270966e-03
2.686000000000000000e+04 6.910882634747368414e+00 6.908524371244157969e+00 2.358263503210289175e-03
2.712900000000000000e+04 6.599384326815461499e+00 6.596944874916980339e+00 2.439451898481068658e-03
nan nan nan nan
