1.170000000000000000e+02 3.509080195166704357e+02 2.599204412502089099e+02 9.098757826646151159e+01
1.320000000000000000e+02 3.520728239173218981e+02 2.600972012736718852e+02 9.197562264364998441e+01
1.580000000000000000e+02 3.508847421786675795e+02 2.603641258623590602e+02 9.052061631630853356e+01
2.380000000000000000e+02 3.425663192661015728e+02 2.590599763473559278e+02 8.350634291874565918e+01
3.790000000000000000e+02 3.386766367864545373e+02 2.559891396572204485e+02 8.268749712923407458e+01
4.420000000000000000e+02 3.371582636751010114e+02 2.545775964643889324e+02 8.258066721071210736e+01
5.230000000000000000e+02 3.347669955849740404e+02 2.528910857337651237e+02 8.187590985120891673e+01
5.960000000000000000e+02 3.330376647579833502e+02 2.512888129803586139e+02 8.174885177762473631e+01
6.510000000000000000e+02 3.262802733699073201e+02 2.496983774551665078e+02 7.658189591474081226e+01
6.970000000000000000e+02 3.223905545225687206e+02 2.488831079924696326e+02 7.350744653009910223e+01
7.620000000000000000e+02 3.188817629446321007e+02 2.473624678663238967e+02 7.151929507830818977e+01
7.800000000000000000e+02 3.101415231451787236e+02 2.466614146257920481e+02 6.348010851938668964e+01
8.080000000000000000e+02 3.093441263306557403e+02 2.458640178112690649e+02 6.348010851938668964e+01
8.360000000000000000e+02 3.037574910511003168e+02 2.452346186803770252e+02 5.852287237072330583e+01
1.052000000000000000e+03 2.976612330784037681e+02 2.401046291516090321e+02 5.755660392679474313e+01
1.081000000000000000e+03 2.930749035973022956e+02 2.393033901221820656e+02 5.377151347512022284e+01
1.129000000000000000e+03 2.961837753626473955e+02 2.382960537652938058e+02 5.788772159735361100e+01
1.177000000000000000e+03 2.995643840351359586e+02 2.372859361518550259e+02 6.227844788328091852e+01
1.225000000000000000e+03 2.975254433333311113e+02 2.361098255914349977e+02 6.141561774189609224e+01
1.264000000000000000e+03 2.812651467330805417e+02 2.352002764817694924e+02 4.606487025131102797e+01
1.351000000000000000e+03 2.715856569728034060e+02 2.332703030303029834e+02 3.831535394250043680e+01
1.440000000000000000e+03 2.637235154313880798e+02 2.310116097730029594e+02 3.271190565838512754e+01
1.450000000000000000e+03 2.637632491524778970e+02 2.308226729069162388e+02 3.294057624556163688e+01
1.529000000000000000e+03 2.648137097971005005e+02 2.292267593397046141e+02 3.558695045739590057e+01
1.649000000000000000e+03 2.619089906797632921e+02 2.269370092479497600e+02 3.497198143181353913e+01
1.841000000000000000e+03 2.463348916238453796e+02 2.228805891635981027e+02 2.345430246024728405e+01
1.882000000000000000e+03 2.466088732718418157e+02 2.221035996488147362e+02 2.450527362302707246e+01
2.047000000000000000e+03 2.481106586673598429e+02 2.189736888574960290e+02 2.913696980986381035e+01
2.058000000000000000e+03 2.474831319242223628e+02 2.187768945416004556e+02 2.870623738262190372e+01
2.194000000000000000e+03 2.389678049292784863e+02 2.160524915765206515e+02 2.291531335275784187e+01
2.257000000000000000e+03 2.404993292805780243e+02 2.147057361037116152e+02 2.579359317686640196e+01
2.321000000000000000e+03 2.511920062741285733e+02 2.136591273374888544e+02 3.753287893663972596e+01
2.385000000000000000e+03 2.555977234167449126e+02 2.124547563805104460e+02 4.314296703623447371e+01
2.396000000000000000e+03 2.556876761282591985e+02 2.122535261560435913e+02 4.343414997221561435e+01
2.450000000000000000e+03 2.552332054775689585e+02 2.112452155249508507e+02 4.398798995261810774e+01
2.504000000000000000e+03 2.505597203661040453e+02 2.101579795808705171e+02 4.040174078523352819e+01
2.547000000000000000e+03 2.488625895239923693e+02 2.093460089686098513e+02 3.951658055538251801e+01
2.679000000000000000e+03 2.437955293759042945e+02 2.068215379074374027e+02 3.697399146846688467e+01
2.778000000000000000e+03 2.403171643917715699e+02 2.049705510388437233e+02 3.534661335292785367e+01
2.801000000000000000e+03 2.388900520689386440e+02 2.045575845235943007e+02 3.433246754534435752e+01
2.879000000000000000e+03 2.312995843638628060e+02 2.028868368640231949e+02 2.841274749983961101e+01
2.947000000000000000e+03 2.318672455453699683e+02 2.015657536731362427e+02 3.030149187223371499e+01
2.958000000000000000e+03 2.320941049159377485e+02 2.013572854291417116e+02 3.073681948679604048e+01
3.129000000000000000e+03 2.281089387066696190e+02 1.981397045413094986e+02 2.996923416536013463e+01
3.245000000000000000e+03 2.257902985386749037e+02 1.958807389793305163e+02 2.990955955934439103e+01
3.268000000000000000e+03 2.253506759212322379e+02 1.954559765696503746e+02 2.989469935158185976e+01
3.315000000000000000e+03 2.207804816295831074e+02 1.943907709210767507e+02 2.638971070850634959e+01
3.374000000000000000e+03 2.157327064220131092e+02 1.926170718333028731e+02 2.311563458871024324e+01
3.397000000000000000e+03 2.150574497525900313e+02 1.921199488023404740e+02 2.293750095024955016e+01
3.517000000000000000e+03 2.119245627941951113e+02 1.896983690672530827e+02 2.222619372694202511e+01
3.662000000000000000e+03 2.063371798640742156e+02 1.868333027017092434e+02 1.950387716236497937e+01
3.857000000000000000e+03 2.022539168182767355e+02 1.834155724061401997e+02 1.883834441213653577e+01
4.368000000000000000e+03 1.919698232112947096e+02 1.748444611623095852e+02 1.712536204898512437e+01
4.420000000000000000e+03 1.892785583289204965e+02 1.734159624413145480e+02 1.586259588760595918e+01
4.526000000000000000e+03 1.873132095371881576e+02 1.713417340605604693e+02 1.597147547662768297e+01
4.579000000000000000e+03 1.851826144356308532e+02 1.703022774327122022e+02 1.488033700291865280e+01
4.660000000000000000e+03 1.834337331725057538e+02 1.686765869278583523e+02 1.475714624464740332e+01
4.714000000000000000e+03 1.792272859945556434e+02 1.675072518365040537e+02 1.172003415805160031e+01
4.796000000000000000e+03 1.782144626986779485e+02 1.661287521238436966e+02 1.208571057483423949e+01
4.948000000000000000e+03 1.749762831247016663e+02 1.637714936420573224e+02 1.120478948264435459e+01
5.003000000000000000e+03 1.713815928309362278e+02 1.628405246150921926e+02 8.541068215844024536e+00
5.031000000000000000e+03 1.694708656419782926e+02 1.623739775537378875e+02 7.096888088240405068e+00
5.073000000000000000e+03 1.669720266189026177e+02 1.614883013125356683e+02 5.483725306366938668e+00
5.102000000000000000e+03 1.668957711838598073e+02 1.610203693127736813e+02 5.875401871086130434e+00
5.158000000000000000e+03 1.652789740669097682e+02 1.600823641563393664e+02 5.196609910570392010e+00
5.287000000000000000e+03 1.632067379543424579e+02 1.580218181818181620e+02 5.184919772524294146e+00
5.330000000000000000e+03 1.621409201079313505e+02 1.573113623299482526e+02 4.829557777983100486e+00
5.388000000000000000e+03 1.608365905494871413e+02 1.564215780380111482e+02 4.415012511475982393e+00
5.432000000000000000e+03 1.588953231784307150e+02 1.555277404492225060e+02 3.367582729208195680e+00
5.476000000000000000e+03 1.580577200309491559e+02 1.547527377521613516e+02 3.304982278787790495e+00
5.565000000000000000e+03 1.570188871963267729e+02 1.531991533577063649e+02 3.819733838620400501e+00
5.594000000000000000e+03 1.580488762733215538e+02 1.526018857032903782e+02 5.446990570031180923e+00
5.639000000000000000e+03 1.563091881365907057e+02 1.518228384363566192e+02 4.486349700234089077e+00
5.654000000000000000e+03 1.564253280650524971e+02 1.515239745811669536e+02 4.901353483885542595e+00
5.699000000000000000e+03 1.537508451535299514e+02 1.506273830155978999e+02 3.123462137932063509e+00
5.714000000000000000e+03 1.537522146780383707e+02 1.503285191604082343e+02 3.423695517630138241e+00
5.745000000000000000e+03 1.518758158812902650e+02 1.497307914500289030e+02 2.145024431261352227e+00
5.760000000000000000e+03 1.517913687447604332e+02 1.494319275948392090e+02 2.359441149921235326e+00
5.790000000000000000e+03 1.512629919799215656e+02 1.489489304297552508e+02 2.314061550166309100e+00
5.806000000000000000e+03 1.520622521430015865e+02 1.487645130183220772e+02 3.297739124679520462e+00
5.836000000000000000e+03 1.515166056688173057e+02 1.482802547770700983e+02 3.236350891747201253e+00
5.851000000000000000e+03 1.512170495985605783e+02 1.479806987068133708e+02 3.236350891747201253e+00
5.882000000000000000e+03 1.491274259666917317e+02 1.474954606915202078e+02 1.631965275171531227e+00
5.897000000000000000e+03 1.487582383905288452e+02 1.473094915909530300e+02 1.448746799575806987e+00
5.990000000000000000e+03 1.476796148921749250e+02 1.458477039333462812e+02 1.831910958828655067e+00
6.210000000000000000e+03 1.435650847876875389e+02 1.425213491908754122e+02 1.043735596812119582e+00
6.258000000000000000e+03 1.434147789498723284e+02 1.419456712917725270e+02 1.469107658099800817e+00
6.322000000000000000e+03 1.422290814838151505e+02 1.409528283421413164e+02 1.276253141673839631e+00
6.419000000000000000e+03 1.410847442978051731e+02 1.396769502849282674e+02 1.407794012876896650e+00
6.451000000000000000e+03 1.401064767946500638e+02 1.390670072705836162e+02 1.039469524066448658e+00
6.549000000000000000e+03 1.388429458224159418e+02 1.376700177409816774e+02 1.172928081434271741e+00
6.599000000000000000e+03 1.382135113874271894e+02 1.369682132280355518e+02 1.245298159391636794e+00
6.815000000000000000e+03 1.348452684027179203e+02 1.338835221625919019e+02 9.617462401260152838e-01
6.933000000000000000e+03 1.330271117304474160e+02 1.321970875723120002e+02 8.300241581354148579e-01
7.159000000000000000e+03 1.296755981283521635e+02 1.290475999196625878e+02 6.279982086895751214e-01
7.284000000000000000e+03 1.279102089202227290e+02 1.273772938092357236e+02 5.329151109869988412e-01
7.374000000000000000e+03 1.266456528241400576e+02 1.261686552072800822e+02 4.769976168599810995e-01
7.410000000000000000e+03 1.261090137510418714e+02 1.256425824731835661e+02 4.664312778583022956e-01
7.556000000000000000e+03 1.241860672237514791e+02 1.237307301199918754e+02 4.553371037596068427e-01
7.575000000000000000e+03 1.245597751531639261e+02 1.235155709342560613e+02 1.044204218907865744e+00
7.593000000000000000e+03 1.243558818309879541e+02 1.231996743334011768e+02 1.156207497586784427e+00
7.612000000000000000e+03 1.240066013267024658e+02 1.229839071093909126e+02 1.022694217311548526e+00
7.630000000000000000e+03 1.242668600837101280e+02 1.227677879714577074e+02 1.499072112252427091e+00
7.649000000000000000e+03 1.232681649710902292e+02 1.225513160579473606e+02 7.168489131428705807e-01
7.667000000000000000e+03 1.228132117261853722e+02 1.222346459906141689e+02 5.785657355712013894e-01
7.686000000000000000e+03 1.228835069598308394e+02 1.220175617725137869e+02 8.659451873170473934e-01
7.705000000000000000e+03 1.225634691587600713e+02 1.218001226241569555e+02 7.633465346031088616e-01
7.723000000000000000e+03 1.219295515454170840e+02 1.215823276743710437e+02 3.472238710460466282e-01
7.742000000000000000e+03 1.216121042146745879e+02 1.212648803436285476e+02 3.472238710460466282e-01
7.837000000000000000e+03 1.205573551149201990e+02 1.201692339289381692e+02 3.881211859820346555e-01
8.009000000000000000e+03 1.183931870877683252e+02 1.179789299731460517e+02 4.142571146222704948e-01
8.028000000000000000e+03 1.181749919161619715e+02 1.176583350547407463e+02 5.166568614212270205e-01
8.048000000000000000e+03 1.180625142641221430e+02 1.174347736200124217e+02 6.277406441097241885e-01
8.067000000000000000e+03 1.178124314147400753e+02 1.171139135827992561e+02 6.985178319408154035e-01
8.086000000000000000e+03 1.172856410834326368e+02 1.168897165321746314e+02 3.959245512580050197e-01
8.106000000000000000e+03 1.173341708030573045e+02 1.166651480637813307e+02 6.690227392759686698e-01
8.145000000000000000e+03 1.169276716127289717e+02 1.161185492227979381e+02 8.091223899310272527e-01
8.185000000000000000e+03 1.162117140999758504e+02 1.155710433520016522e+02 6.406707479742018707e-01
8.244000000000000000e+03 1.156342624225505915e+02 1.148912455812019147e+02 7.430168413486827328e-01
8.304000000000000000e+03 1.147527520621530499e+02 1.141128931472609906e+02 6.398589148920533765e-01
8.364000000000000000e+03 1.135124423063845569e+02 1.131430951885023859e+02 3.693471178821775558e-01
8.485000000000000000e+03 1.119974264671133284e+02 1.115753396029258084e+02 4.220868641875155092e-01
8.526000000000000000e+03 1.116158508170127988e+02 1.111124136487335221e+02 5.034371682792789793e-01
8.547000000000000000e+03 1.114295997736077908e+02 1.108803687408338590e+02 5.492310327739323705e-01
8.650000000000000000e+03 1.100724785738346299e+02 1.096220306916123661e+02 4.504478822222635626e-01
8.671000000000000000e+03 1.100166019735485889e+02 1.094798905032638316e+02 5.367114702847503027e-01
8.713000000000000000e+03 1.093885168769304812e+02 1.089180189673340493e+02 4.704979095964315072e-01
8.776000000000000000e+03 1.087018037677343614e+02 1.082104373547432914e+02 4.913664129910709222e-01
8.818000000000000000e+03 1.080037521685831763e+02 1.077367195767195795e+02 2.670325918635975126e-01
8.860000000000000000e+03 1.075822903668143482e+02 1.072613949544201972e+02 3.208954123941568648e-01
8.903000000000000000e+03 1.071334511352870607e+02 1.066938255887969405e+02 4.396255464901254739e-01
8.946000000000000000e+03 1.065149507130092275e+02 1.062155154091392149e+02 2.994353038700164893e-01
8.989000000000000000e+03 1.060214447530154729e+02 1.057355758995103372e+02 2.858688535051405188e-01
9.054000000000000000e+03 1.052791673809585689e+02 1.050125933831376699e+02 2.665739978209007432e-01
9.163000000000000000e+03 1.041345118049187306e+02 1.037993569131832743e+02 3.351548917354622570e-01
9.185000000000000000e+03 1.038867809024529407e+02 1.035554602016734549e+02 3.313207007794906622e-01
9.340000000000000000e+03 1.021490819971902368e+02 1.018363911072739114e+02 3.126908899163243771e-01
9.430000000000000000e+03 1.010986304538436826e+02 1.008447043534763026e+02 2.539261003673828343e-01
9.497000000000000000e+03 1.002465234370036882e+02 1.000529628825700001e+02 1.935605544336908013e-01
9.543000000000000000e+03 9.967038279445971227e+01 9.950880243425342542e+01 1.615803602062874100e-01
9.611000000000000000e+03 9.884211963519291544e+01 9.866840844763770235e+01 1.737111875552084794e-01
9.680000000000000000e+03 9.813558116146479904e+01 9.799606729298668029e+01 1.395138684781245253e-01
9.820000000000000000e+03 9.660347865901655950e+01 9.646738414232375192e+01 1.360945166928127503e-01
9.938000000000000000e+03 9.535473805025000615e+01 9.518111625854842828e+01 1.736217917015727419e-01
1.000900000000000000e+04 9.444997676809838083e+01 9.432044198895029297e+01 1.295347791480880861e-01
1.035200000000000000e+04 9.083608369580045405e+01 9.072161254199328084e+01 1.144711538071689627e-01
1.052800000000000000e+04 8.907665468590957403e+01 8.900609618424023495e+01 7.055850166934592160e-02
1.060400000000000000e+04 8.826815161181329472e+01 8.819379669458909632e+01 7.435491722419182437e-02
1.063000000000000000e+04 8.798563097291690838e+01 8.792204849308861014e+01 6.358247982830503298e-02
1.070800000000000000e+04 8.714881651614729208e+01 8.710384003635536487e+01 4.497647979193247075e-02
1.081300000000000000e+04 8.606170845056817598e+01 8.600592930444697970e+01 5.577914612120099536e-02
1.084000000000000000e+04 8.578902752147074295e+01 8.573019858479798927e+01 5.882893667274820271e-02
1.089300000000000000e+04 8.522605543924285598e+01 8.517722387377087045e+01 4.883156547198713032e-02
1.108200000000000000e+04 8.343673302056501484e+01 8.337929444316348793e+01 5.743857740152434610e-02
1.116400000000000000e+04 8.258051326543500181e+01 8.253410404624278840e+01 4.640921919221576569e-02
1.136000000000000000e+04 8.074168258586843194e+01 8.069386803450687751e+01 4.781455136155707969e-02
1.141600000000000000e+04 8.013002537247119506e+01 8.008218538407658116e+01 4.783998839461713753e-02
1.153100000000000000e+04 7.893850907600112521e+01 7.889060669946121607e+01 4.790237653990676858e-02
1.164700000000000000e+04 7.773139962631769606e+01 7.769118683901292854e+01 4.021278730476560148e-02
1.167600000000000000e+04 7.740140540151234916e+01 7.736280272748646780e+01 3.860267402588235530e-02
1.173600000000000000e+04 7.681295883955159809e+01 7.677738515901060623e+01 3.557368054099558502e-02
1.179500000000000000e+04 7.600917125129971907e+01 7.597458225464815484e+01 3.458899665156806719e-02
1.191600000000000000e+04 7.444071080715374933e+01 7.440846063454759474e+01 3.225017260615337805e-02
1.197800000000000000e+04 7.367527335351918794e+01 7.364435048155979757e+01 3.092287195938562411e-02
1.204000000000000000e+04 7.287680766124701393e+01 7.284674958929828392e+01 3.005807194872843827e-02
1.216600000000000000e+04 7.154879090233026773e+01 7.152410063484599334e+01 2.469026748427952112e-02
1.232800000000000000e+04 6.938923614376598437e+01 6.937327404633747108e+01 1.596209742851287597e-02
1.236100000000000000e+04 6.876500023894126912e+01 6.875262298904172553e+01 1.237724989953808974e-02
1.246200000000000000e+04 6.692374156910500460e+01 6.691814618399816084e+01 5.595385106842473699e-03
1.267100000000000000e+04 6.406633999268932200e+01 6.406202964652223386e+01 4.310346167093952879e-03
1.288700000000000000e+04 6.234122852363818623e+01 6.233647004819830073e+01 4.758475439882892122e-03
1.334500000000000000e+04 5.769447797858607174e+01 5.769122006841505623e+01 3.257910171018946546e-03
1.358600000000000000e+04 5.539343307667571281e+01 5.539077062968856069e+01 2.662446987151281894e-03
1.388000000000000000e+04 5.270751622497682831e+01 5.270545619198551890e+01 2.060032991309778891e-03
1.392300000000000000e+04 5.230884973349473910e+01 5.230671793711830020e+01 2.131796376435620560e-03
1.480100000000000000e+04 4.609723458837083854e+01 4.609549920036555193e+01 1.735388005289661972e-03
1.515500000000000000e+04 4.363496165382885295e+01 4.363337142857142936e+01 1.590225257424303677e-03
1.558500000000000000e+04 4.081551731757857482e+01 4.081408643951520787e+01 1.430878063363805750e-03
1.564100000000000000e+04 4.046058712181601891e+01 4.045918134004116240e+01 1.405781774859149978e-03
1.575400000000000000e+04 3.973263072749622893e+01 3.973120000000000118e+01 1.430727496228648360e-03
1.587000000000000000e+04 3.900534002377228404e+01 3.900388393877085491e+01 1.456085001432173148e-03
1.598700000000000000e+04 3.827871410536560859e+01 3.827723224480475039e+01 1.481860560861200139e-03
1.648000000000000000e+04 3.539494830462171393e+01 3.539338654503990966e+01 1.561759581807244546e-03
1.708100000000000000e+04 3.237167436458074121e+01 3.237038734815494223e+01 1.287016425800387772e-03
1.729500000000000000e+04 3.136193359530153657e+01 3.136073478760046029e+01 1.198807701075832238e-03
1.736700000000000000e+04 3.101978551000949480e+01 3.101860785665058984e+01 1.177653358906306661e-03
1.780700000000000000e+04 2.905852570744094621e+01 2.905750518791791848e+01 1.020519523029454929e-03
1.790200000000000000e+04 2.861592725535408732e+01 2.861488822309287983e+01 1.039032261208367282e-03
1.822700000000000000e+04 2.713523174068595623e+01 2.713411548194157064e+01 1.116258744384275754e-03
1.875000000000000000e+04 2.491298191046111654e+01 2.491171749598716190e+01 1.264414473956279334e-03
1.890700000000000000e+04 2.426334609001687426e+01 2.426221103227282683e+01 1.135057744048631597e-03
1.893600000000000000e+04 2.415677708109035038e+01 2.415564202334630295e+01 1.135057744048631597e-03
1.903000000000000000e+04 2.382335753102307763e+01 2.382222222222222285e+01 1.135308800856168077e-03
1.922400000000000000e+04 2.313346526190501962e+01 2.313230910341664881e+01 1.156158488370639080e-03
1.932300000000000000e+04 2.278803401684733032e+01 2.278687772424867930e+01 1.156292598650409363e-03
1.942400000000000000e+04 2.245261264328191331e+01 2.245143513203214525e+01 1.177511249769108183e-03
1.951600000000000000e+04 2.214204602000260280e+01 2.214086836664369784e+01 1.177653358906306661e-03
1.952600000000000000e+04 2.210639244775357781e+01 2.210521479439467285e+01 1.177653358906306661e-03
1.963100000000000000e+04 2.171994135495191358e+01 2.171874283092452274e+01 1.198524027390781123e-03
1.984500000000000000e+04 2.095020127797674547e+01 2.094898192633264600e+01 1.219351644099193931e-03
2.018000000000000000e+04 1.979447583900762453e+01 1.979321339102709842e+01 1.262447980527618393e-03
2.041300000000000000e+04 1.902696012168879491e+01 1.902565266742338324e+01 1.307454265412647584e-03
2.042500000000000000e+04 1.899172743156393750e+01 1.899041997729852582e+01 1.307454265412647584e-03
2.065700000000000000e+04 1.833060540013201489e+01 1.832932091755621329e+01 1.284482575801570471e-03
2.091000000000000000e+04 1.763361816997182174e+01 1.763235628266302868e+01 1.261887308793119278e-03
2.117300000000000000e+04 1.698232080514188524e+01 1.698108046501025825e+01 1.240340131628500349e-03
2.130800000000000000e+04 1.665890324500432840e+01 1.665768440283169838e+01 1.218842172628246045e-03
2.135000000000000000e+04 1.656014060257545850e+01 1.655892163582362642e+01 1.218966751832271066e-03
2.188400000000000000e+04 1.498147429221825533e+01 1.498002244668911409e+01 1.451845529141177057e-03
2.189900000000000000e+04 1.493993057449608131e+01 1.493847879739735340e+01 1.451777098727636758e-03
2.203700000000000000e+04 1.465278393833992077e+01 1.465138233310856286e+01 1.401605231358457994e-03
2.235400000000000000e+04 1.401171105666056782e+01 1.401038140374633301e+01 1.329652914235671069e-03
2.251800000000000000e+04 1.369230372033992893e+01 1.369102013119203676e+01 1.283589147892568762e-03
2.268700000000000000e+04 1.337144988721233752e+01 1.337021083654500053e+01 1.239050667337199827e-03
2.300200000000000000e+04 1.279024868359732281e+01 1.278907352606419323e+01 1.175157533129733527e-03
2.322000000000000000e+04 1.232704093815910440e+01 1.232584524619923094e+01 1.195691959872926180e-03
2.364000000000000000e+04 1.147419324324424927e+01 1.147297723687176152e+01 1.216006372487295943e-03
2.380100000000000000e+04 1.120448645792640185e+01 1.120324836453868755e+01 1.238093387715001386e-03
2.400700000000000000e+04 1.086909466977759919e+01 1.086785633611926905e+01 1.238333658330588710e-03
2.422000000000000000e+04 1.053281485015242858e+01 1.053155394707079928e+01 1.260903081628971878e-03
2.444000000000000000e+04 1.017251590842182551e+01 1.017129943502824752e+01 1.216473393578559100e-03
2.490300000000000000e+04 9.453852580905236280e+00 9.452740807579518290e+00 1.111773325717120304e-03
2.514800000000000000e+04 9.091407865085482598e+00 9.090335661184951732e+00 1.072203900531478252e-03
2.527400000000000000e+04 8.912559365716425930e+00 8.911506417473542996e+00 1.052948242883803513e-03
2.540300000000000000e+04 8.694985851877092387e+00 8.693703786690566204e+00 1.282065186525685506e-03
2.545600000000000000e+04 8.606274554023023882e+00 8.604873686563827562e+00 1.400867459196957670e-03
2.567100000000000000e+04 8.310198734967624290e+00 8.308721838054873743e+00 1.476896912751411023e-03
2.595100000000000000e+04 7.942824824610935863e+00 7.941268075639600355e+00 1.556748971335499172e-03
2.655000000000000000e+04 7.214005181947467982e+00 7.212215091834476510e+00 1.790090112991242705e-03
2.658200000000000000e+04 7.176485941047160644e+00 7.174695863746958224e+00 1.790077300202579753e-03
