1.170000000000000000e+02 3.032918771537523526e+02 2.831102175105099832e+02 2.018165964324236228e+01
1.980000000000000000e+02 3.007496597990146938e+02 2.797620872103630631e+02 2.098757258865164133e+01
2.220000000000000000e+02 2.999630506162044981e+02 2.788108699616998365e+02 2.115218065450465446e+01
2.870000000000000000e+02 2.988684480130977477e+02 2.767483117357181754e+02 2.212013627737959354e+01
4.870000000000000000e+02 2.952489808187121412e+02 2.703447267409979986e+02 2.490425407771416744e+01
5.630000000000000000e+02 2.942028727400046932e+02 2.679875617340406393e+02 2.621531100596403618e+01
5.710000000000000000e+02 2.931552896337817629e+02 2.677036766050850360e+02 2.545161302869674103e+01
6.050000000000000000e+02 2.924825755295134968e+02 2.668610144662150105e+02 2.562156106329850402e+01
7.250000000000000000e+02 2.872184789378559913e+02 2.636547291092745695e+02 2.356374982858143952e+01
9.340000000000000000e+02 2.791441063431235534e+02 2.583321633105486512e+02 2.081194303257490930e+01
1.085000000000000000e+03 2.711532490383042955e+02 2.543979232338216150e+02 1.675532580448266629e+01
1.165000000000000000e+03 2.683947638200038455e+02 2.525571880230612294e+02 1.583757579694261963e+01
1.201000000000000000e+03 2.642033916972803240e+02 2.514026408778128996e+02 1.280075081946741911e+01
1.229000000000000000e+03 2.640372610316460396e+02 2.507232458589242299e+02 1.331401517272180435e+01
1.283000000000000000e+03 2.638709398532366777e+02 2.493614165890027721e+02 1.450952326423388250e+01
1.356000000000000000e+03 2.592029995780960689e+02 2.474160910957625674e+02 1.178690848233351218e+01
1.393000000000000000e+03 2.589820291273024395e+02 2.466255374836418071e+02 1.235649164366064312e+01
1.421000000000000000e+03 2.573387263710024513e+02 2.458470170188891188e+02 1.149170935211331290e+01
1.430000000000000000e+03 2.568625653619911304e+02 2.456486435921421503e+02 1.121392176984896416e+01
1.486000000000000000e+03 2.560308880550835511e+02 2.442720629567172637e+02 1.175882509836631051e+01
1.532000000000000000e+03 2.536663556293660520e+02 2.430001875117194743e+02 1.066616811764657413e+01
1.598000000000000000e+03 2.516292283089085231e+02 2.409630601912619454e+02 1.066616811764657413e+01
1.636000000000000000e+03 2.475081101022228154e+02 2.399789829236254377e+02 7.529127178597375902e+00
1.683000000000000000e+03 2.467510250635833415e+02 2.387019718309858831e+02 8.049053232597449536e+00
1.703000000000000000e+03 2.452995894315407668e+02 2.382085290249859213e+02 7.091060406554834827e+00
1.712000000000000000e+03 2.446855581987105097e+02 2.380063897763578495e+02 6.679168422352674384e+00
1.789000000000000000e+03 2.430506783113736731e+02 2.360278562017692536e+02 7.022822109604422991e+00
1.856000000000000000e+03 2.401211773433001895e+02 2.345127334465195474e+02 5.608443896780652693e+00
1.915000000000000000e+03 2.390103910647536622e+02 2.331078783298696351e+02 5.902512734884032497e+00
1.944000000000000000e+03 2.368591440292073003e+02 2.324038570618264430e+02 4.455286967380846619e+00
2.072000000000000000e+03 2.324344417662396154e+02 2.292827612364877723e+02 3.151680529751837767e+00
2.162000000000000000e+03 2.305279722824752184e+02 2.273235685752330255e+02 3.204403707242185373e+00
2.192000000000000000e+03 2.311268469655745150e+02 2.266103179135731978e+02 4.516529052001312827e+00
2.212000000000000000e+03 2.307464139381457073e+02 2.261916555534387214e+02 4.554758384706978802e+00
2.262000000000000000e+03 2.298173120012385482e+02 2.252281840748520096e+02 4.589127926386550982e+00
2.323000000000000000e+03 2.282167966678982225e+02 2.237919296232549016e+02 4.424867044643330694e+00
2.374000000000000000e+03 2.252307137460684885e+02 2.224780861244018979e+02 2.752627621666591029e+00
2.425000000000000000e+03 2.252595343809795736e+02 2.215016305390370235e+02 3.757903841942538126e+00
2.477000000000000000e+03 2.240905109607956831e+02 2.202665642404455468e+02 3.823946720350134054e+00
2.518000000000000000e+03 2.232180839641389412e+02 2.193270524899058103e+02 3.891031474233131782e+00
2.728000000000000000e+03 2.164082632577745926e+02 2.141825902335456533e+02 2.225673024228946417e+00
2.802000000000000000e+03 2.150072646570387462e+02 2.127426911907066653e+02 2.264573466332077345e+00
2.888000000000000000e+03 2.129644245218195806e+02 2.108286435086357358e+02 2.135781013183832844e+00
3.062000000000000000e+03 2.086649786555804269e+02 2.071352195121951070e+02 1.529759143385314601e+00
3.160000000000000000e+03 2.066421069644196393e+02 2.051302134325435702e+02 1.511893531876066898e+00
3.305000000000000000e+03 2.037521000777395841e+02 2.022886394959637641e+02 1.463460581775820168e+00
3.317000000000000000e+03 2.035258050972849162e+02 2.020626354146149595e+02 1.463169682669951399e+00
3.384000000000000000e+03 2.018281952627359601e+02 2.007028627838104455e+02 1.125332478925502588e+00
3.430000000000000000e+03 2.009287148302648518e+02 1.997927625074154889e+02 1.135952322849366425e+00
3.555000000000000000e+03 1.985218624818089097e+02 1.973534671170276340e+02 1.168395364781286583e+00
3.578000000000000000e+03 1.978379994959474573e+02 1.968149473265752363e+02 1.023052169372207887e+00
3.648000000000000000e+03 1.958621771146614208e+02 1.951968159203980235e+02 6.653611942633963494e-01
4.026000000000000000e+03 1.883311056614776930e+02 1.877040919169522510e+02 6.270137445254416741e-01
4.160000000000000000e+03 1.857710225890541551e+02 1.851585983390723129e+02 6.124242499818560725e-01
4.210000000000000000e+03 1.848050971685201205e+02 1.841996348143639750e+02 6.054623541561463540e-01
4.296000000000000000e+03 1.828259969267496672e+02 1.823655214474486570e+02 4.604754793010126801e-01
4.384000000000000000e+03 1.808716979008714532e+02 1.805239356284375560e+02 3.477622724338835791e-01
4.460000000000000000e+03 1.785741792201473572e+02 1.783363839739678838e+02 2.377952461794795025e-01
4.550000000000000000e+03 1.759899351699183967e+02 1.758408121827411321e+02 1.491229871772768445e-01
4.744000000000000000e+03 1.723095751135944909e+02 1.721626149131767249e+02 1.469602004177616716e-01
5.039000000000000000e+03 1.668285698234163306e+02 1.666856318284889653e+02 1.429379949273648087e-01
5.135000000000000000e+03 1.650631167186799360e+02 1.649220591275584127e+02 1.410575911215257994e-01
5.274000000000000000e+03 1.628009073072518049e+02 1.625198420943278563e+02 2.810652129239580854e-01
5.330000000000000000e+03 1.617666481437200616e+02 1.614984391259105223e+02 2.682090178095267174e-01
5.358000000000000000e+03 1.610939401598315044e+02 1.608524453694068654e+02 2.414947904246409760e-01
5.501000000000000000e+03 1.578980267754232045e+02 1.577538012913976218e+02 1.442254840255693393e-01
5.516000000000000000e+03 1.576475836458346578e+02 1.574961450302146204e+02 1.514386156200325517e-01
5.676000000000000000e+03 1.551509274124263698e+02 1.549071084084713732e+02 2.438190039549984756e-01
5.736000000000000000e+03 1.537095675154466221e+02 1.536053680016775047e+02 1.041995137691291845e-01
5.900000000000000000e+03 1.506822409789525921e+02 1.505939802146916406e+02 8.826076426094832394e-02
6.209000000000000000e+03 1.452251126096970211e+02 1.451605514316012773e+02 6.456117809575058486e-02
6.224000000000000000e+03 1.449565625769359656e+02 1.448928495650328898e+02 6.371301190307944451e-02
6.416000000000000000e+03 1.415060520462847364e+02 1.414213327655950536e+02 8.471928068967977954e-02
6.513000000000000000e+03 1.399618906332697179e+02 1.397959445037353419e+02 1.659461295343633569e-01
6.529000000000000000e+03 1.396306206225973483e+02 1.394646744930629723e+02 1.659461295343633569e-01
6.578000000000000000e+03 1.385856115941903397e+02 1.384708644610458919e+02 1.147471331444516879e-01
6.595000000000000000e+03 1.383119032257090169e+02 1.381985906470211489e+02 1.133125786878793201e-01
6.863000000000000000e+03 1.339715842279017863e+02 1.338679285867928570e+02 1.036556411089189639e-01
6.880000000000000000e+03 1.337636754570361006e+02 1.336490850376749222e+02 1.145904193611790994e-01
6.914000000000000000e+03 1.332386229258473236e+02 1.330954535660418117e+02 1.431693598055126804e-01
6.948000000000000000e+03 1.326498332910053932e+02 1.325408669398318011e+02 1.089663511735814022e-01
6.999000000000000000e+03 1.318121069620854655e+02 1.317071906715612215e+02 1.049162905242545935e-01
7.551000000000000000e+03 1.231407101237751078e+02 1.230720700985761198e+02 6.864002519899177479e-02
7.569000000000000000e+03 1.229083657797149556e+02 1.228397281297961001e+02 6.863764991885155931e-02
7.680000000000000000e+03 1.213969631634143269e+02 1.213301035014313953e+02 6.685966198292629670e-02
8.102000000000000000e+03 1.150550017954728759e+02 1.150269307812152277e+02 2.807101425764501820e-02
8.300000000000000000e+03 1.121509611358648897e+02 1.121216730038022860e+02 2.928813206259912524e-02
8.504000000000000000e+03 1.092677783308168102e+02 1.092367888464133188e+02 3.098948440349318795e-02
8.780000000000000000e+03 1.054441653602466857e+02 1.054109123839710378e+02 3.325297627564405278e-02
8.866000000000000000e+03 1.042733418873835376e+02 1.042414340821420495e+02 3.190780524148775776e-02
9.602000000000000000e+03 9.493225217611423261e+01 9.491035441278665985e+01 2.189776332757910338e-02
9.724000000000000000e+03 9.278077247224243251e+01 9.276898222940225480e+01 1.179024284017546331e-02
9.824000000000000000e+03 9.126245899360679914e+01 9.125201752363386731e+01 1.044146997292932054e-02
9.950000000000000000e+03 8.972051744790454109e+01 8.971098265895955137e+01 9.534788944984674483e-03
1.045300000000000000e+04 8.244248171359075172e+01 8.243550241434812165e+01 6.979299242625461829e-03
1.073500000000000000e+04 7.861965799695818191e+01 7.861379784551914440e+01 5.860151439039409070e-03
1.118200000000000000e+04 7.294802744276768180e+01 7.294364590463153775e+01 4.381538136145747379e-03
1.137000000000000000e+04 7.066177079100052083e+01 7.065786478488504940e+01 3.906006115466826266e-03
1.153300000000000000e+04 6.883278235629221342e+01 6.882874687286786752e+01 4.035483424345814862e-03
1.166600000000000000e+04 6.754353888507334602e+01 6.753975848712690322e+01 3.780397946435770911e-03
1.180300000000000000e+04 6.570955508326157712e+01 6.570613538600861148e+01 3.419697252966424905e-03
1.201300000000000000e+04 6.371656814286780701e+01 6.371331367657064959e+01 3.254466297156737280e-03
1.219300000000000000e+04 6.206904295402095784e+01 6.206589411497386521e+01 3.148839047090417568e-03
1.249200000000000000e+04 5.943667954303025880e+01 5.943378162753590743e+01 2.897915494350882318e-03
1.322000000000000000e+04 5.343371145211757778e+01 5.343126004131283935e+01 2.451410804740349232e-03
1.458500000000000000e+04 4.354289043676027404e+01 4.354092279156039780e+01 1.967645199878853557e-03
1.485300000000000000e+04 4.182114913267380274e+01 4.181927990708478404e+01 1.869225589019534069e-03
1.530500000000000000e+04 3.875701088829985963e+01 3.875514450867051863e+01 1.866379629342740723e-03
1.554300000000000000e+04 3.754725082036172523e+01 3.754547569202139812e+01 1.775128340325375902e-03
1.579000000000000000e+04 3.632277438119965751e+01 3.632108588813479599e+01 1.688493064863119545e-03
1.624900000000000000e+04 3.396643139938822031e+01 3.396485276796231290e+01 1.578631425905218906e-03
1.644600000000000000e+04 3.285959556068412013e+01 3.285815102328863446e+01 1.444537395484515006e-03
1.650900000000000000e+04 3.251569118460998453e+01 3.251427227839172218e+01 1.418906218264736089e-03
1.658600000000000000e+04 3.200896733648833958e+01 3.200749941410827404e+01 1.467922380064331329e-03
1.681100000000000000e+04 3.060895654606338923e+01 3.060738675958188537e+01 1.569786481503032856e-03
1.695300000000000000e+04 2.996572090034939606e+01 2.996417771574784794e+01 1.543184601548665876e-03
1.750500000000000000e+04 2.757959973587337998e+01 2.757820902501753579e+01 1.390710855844690987e-03
1.779200000000000000e+04 2.641988980376171270e+01 2.641856975381008255e+01 1.320049951628891795e-03
1.784400000000000000e+04 2.618929754227567841e+01 2.618795406608859011e+01 1.343476187088026193e-03
1.799300000000000000e+04 2.551130987835453112e+01 2.550984334814122434e+01 1.466530213307417913e-03
1.802000000000000000e+04 2.542617622172186742e+01 2.542476012169436217e+01 1.416100027504236299e-03
1.823700000000000000e+04 2.473959343683163681e+01 2.473831643480311016e+01 1.277002028525036021e-03
1.838600000000000000e+04 2.411994818001252838e+01 2.411867200376736520e+01 1.276176245164110977e-03
1.876500000000000000e+04 2.262019008249937713e+01 2.261891574747712141e+01 1.274335022257083684e-03
1.877500000000000000e+04 2.258376670770472572e+01 2.258249237268247001e+01 1.274335022257083684e-03
1.986000000000000000e+04 1.928502217245373629e+01 1.928410991636798144e+01 9.122560857559723797e-04
1.990800000000000000e+04 1.915497417943509362e+01 1.915407797177708815e+01 8.962076580059226373e-04
2.010000000000000000e+04 1.859673548145569200e+01 1.859573448358495185e+01 1.000997870740388644e-03
2.059700000000000000e+04 1.717913101239079765e+01 1.717819927971188676e+01 9.317326789093783711e-04
2.074500000000000000e+04 1.668906775551243982e+01 1.668817204301075208e+01 8.957125016877654465e-04
2.084100000000000000e+04 1.638246797942126420e+01 1.638160590898260693e+01 8.620704386581269033e-04
2.218900000000000000e+04 1.342246381889576234e+01 1.342168087697929479e+01 7.829419164666951737e-04
2.262800000000000000e+04 1.251987765373306516e+01 1.251918846247861161e+01 6.891912544532863717e-04
2.283200000000000000e+04 1.212030959693511534e+01 1.211965728274173770e+01 6.523141933769983089e-04
2.320000000000000000e+04 1.136514099253158605e+01 1.136441298511105913e+01 7.280074205275009758e-04
2.378800000000000000e+04 1.026435118187369078e+01 1.026365183564308303e+01 6.993462306070796514e-04
2.405700000000000000e+04 9.840226493952762610e+00 9.839551328944160957e+00 6.751650086019348428e-04
2.429100000000000000e+04 9.489536726608109873e+00 9.488872584984102687e+00 6.641416240069873949e-04
2.562000000000000000e+04 7.704712632905112102e+00 7.704144949118888697e+00 5.676837862235448520e-04
2.573900000000000000e+04 7.580653730249585109e+00 7.580164465487167824e+00 4.892647624174867793e-04
2.692300000000000000e+04 6.244301760040094962e+00 6.243902439024390461e+00 3.993210157046678797e-04
2.730000000000000000e+04 5.871745099082285257e+00 5.871374527112233288e+00 3.705719700519446275e-04
2.745700000000000000e+04 5.720939409713178492e+00 5.720575612219136019e+00 3.637974940427368556e-04
