1.170000000000000000e+02 2.972509530077953741e+02 2.568369797664089447e+02 4.041397324138640812e+01
1.420000000000000000e+02 2.988314267572076801e+02 2.574261617330907939e+02 4.140526502411687204e+01
1.670000000000000000e+02 2.972048728769215131e+02 2.569961914224209636e+02 4.020868145450053532e+01
3.090000000000000000e+02 2.918259392060413120e+02 2.545704284047341162e+02 3.725551080130717452e+01
5.720000000000000000e+02 2.877050344829010555e+02 2.490606620736011223e+02 3.864437240929994033e+01
6.820000000000000000e+02 2.776682771747536549e+02 2.465941027801179075e+02 3.107417439463573672e+01
7.190000000000000000e+02 2.745801902050923218e+02 2.457137076378351139e+02 2.886648256725721851e+01
7.940000000000000000e+02 2.625391940121160133e+02 2.429648562300319554e+02 1.957433778208406849e+01
8.410000000000000000e+02 2.631388773921474922e+02 2.413353484466834402e+02 2.180352894546408038e+01
8.500000000000000000e+02 2.628782560655312182e+02 2.410747271200671662e+02 2.180352894546408038e+01
9.740000000000000000e+02 2.593103380779181180e+02 2.378464123676693305e+02 2.146392571024879814e+01
1.021000000000000000e+03 2.584661307164246296e+02 2.368608446912333818e+02 2.160528602519122998e+01
1.314000000000000000e+03 2.533142911389647338e+02 2.306564988984918045e+02 2.265779224047294349e+01
1.373000000000000000e+03 2.524397110479004027e+02 2.294673230351383495e+02 2.297238801276206033e+01
1.453000000000000000e+03 2.487122285894512856e+02 2.275915038232794814e+02 2.112072476617181138e+01
1.584000000000000000e+03 2.430628811027707741e+02 2.245446808510638164e+02 1.851820025170695416e+01
1.614000000000000000e+03 2.413657154195924477e+02 2.238283671036948874e+02 1.753734831589757093e+01
1.696000000000000000e+03 2.372841197011066185e+02 2.219410260780637429e+02 1.534309362304287561e+01
1.778000000000000000e+03 2.345032071382175047e+02 2.197498722099165036e+02 1.475333492830101001e+01
1.841000000000000000e+03 2.324996463055486231e+02 2.180889115993868188e+02 1.441073470616179542e+01
1.904000000000000000e+03 2.316102759357682714e+02 2.168722061081726906e+02 1.473806982759557016e+01
1.925000000000000000e+03 2.312676381833385335e+02 2.164164533196791353e+02 1.485118486365939638e+01
2.062000000000000000e+03 2.430770109030214599e+02 2.137023462921733028e+02 2.937466461084816061e+01
2.201000000000000000e+03 2.396307395897863444e+02 2.109695824024746571e+02 2.866115718731168371e+01
2.353000000000000000e+03 2.360428261457452379e+02 2.080938740293356375e+02 2.794895211640960753e+01
2.442000000000000000e+03 2.338761129018402301e+02 2.063786961784540779e+02 2.749741672338614862e+01
2.586000000000000000e+03 2.344928136521371016e+02 2.036646415552855558e+02 3.082817209685153514e+01
2.732000000000000000e+03 2.354391926216418938e+02 2.009297787070918275e+02 3.450941391455007334e+01
2.766000000000000000e+03 2.357530336373174009e+02 2.002580645161289965e+02 3.549496912118839731e+01
2.846000000000000000e+03 2.330967185344441646e+02 1.986408241662301464e+02 3.445589436821402529e+01
2.939000000000000000e+03 2.300118582216209688e+02 1.968165121567255653e+02 3.319534606489540352e+01
3.020000000000000000e+03 2.272339608762952139e+02 1.952577536358857628e+02 3.197620724040944395e+01
3.220000000000000000e+03 2.237323695549212914e+02 1.919125066149232737e+02 3.181986293999802129e+01
3.232000000000000000e+03 2.235180390319028731e+02 1.917063702135168626e+02 3.181166881838601057e+01
3.244000000000000000e+03 2.229055614615004117e+02 1.915677202895991513e+02 3.133784117190127105e+01
3.411000000000000000e+03 2.132244699903947378e+02 1.885298811846071771e+02 2.469458880578755711e+01
3.496000000000000000e+03 2.088708352527925456e+02 1.870012440021325801e+02 2.186959125065995835e+01
3.569000000000000000e+03 2.076390635656634629e+02 1.858086584714056642e+02 2.183040509425780940e+01
3.704000000000000000e+03 2.054803452360366975e+02 1.835519770978708323e+02 2.192836813816586883e+01
4.031000000000000000e+03 2.003380776456688466e+02 1.782456140350877263e+02 2.209246361058111674e+01
4.213000000000000000e+03 1.975587647217445237e+02 1.753943585077342959e+02 2.216440621401021716e+01
4.291000000000000000e+03 1.908912626967964457e+02 1.740798832755790784e+02 1.681137942121737083e+01
4.840000000000000000e+03 1.796407657615666551e+02 1.655543579260360616e+02 1.408640783553058284e+01
4.908000000000000000e+03 1.783825105168718324e+02 1.645403391093720984e+02 1.384217140749973041e+01
5.117000000000000000e+03 1.744844936022781496e+02 1.613450928879714752e+02 1.313940071430666912e+01
5.274000000000000000e+03 1.716187039205439078e+02 1.590367993961124569e+02 1.258190452443144203e+01
5.390000000000000000e+03 1.695994339296534577e+02 1.573469774493083264e+02 1.225245648034513479e+01
5.491000000000000000e+03 1.670684271588261538e+02 1.558790184515883652e+02 1.118940870723778680e+01
5.535000000000000000e+03 1.652311728787274774e+02 1.551704437250047874e+02 1.006072915372269527e+01
5.638000000000000000e+03 1.612154236741262423e+02 1.535107886194386140e+02 7.704635054687625662e+00
5.668000000000000000e+03 1.600064542310472575e+02 1.528013737836290886e+02 7.205080447418175105e+00
5.683000000000000000e+03 1.571478344501153401e+02 1.523889418493803589e+02 4.758892600734979439e+00
5.698000000000000000e+03 1.560325529765186445e+02 1.519771385025719042e+02 4.055414473946732379e+00
5.743000000000000000e+03 1.545101174690353787e+02 1.510325652256713340e+02 3.477552243364031792e+00
5.818000000000000000e+03 1.521264506932653262e+02 1.494409134157944834e+02 2.685537277470836592e+00
5.849000000000000000e+03 1.512154599276444742e+02 1.487936085219706968e+02 2.421851405673777435e+00
5.895000000000000000e+03 1.503958726210243242e+02 1.480205596801827710e+02 2.375312940841550535e+00
5.910000000000000000e+03 1.501004224021017990e+02 1.477251094612602458e+02 2.375312940841550535e+00
5.925000000000000000e+03 1.500400781603063933e+02 1.474296592423376921e+02 2.610418917968712282e+00
5.941000000000000000e+03 1.500004814610474284e+02 1.471342090234151954e+02 2.866272437632232162e+00
5.987000000000000000e+03 1.507941744241138906e+02 1.463593065345780246e+02 4.434867889535876628e+00
6.003000000000000000e+03 1.501563374034602134e+02 1.461750238322211430e+02 3.981313571239065485e+00
6.384000000000000000e+03 1.447505603180031528e+02 1.410090856369611458e+02 3.741474681042013639e+00
6.416000000000000000e+03 1.441453252582775235e+02 1.405720921230888223e+02 3.573233135188689680e+00
6.514000000000000000e+03 1.422569071158452516e+02 1.391469047156996055e+02 3.110002400145658985e+00
6.629000000000000000e+03 1.407252786847184041e+02 1.376798596217586237e+02 3.045419062959790590e+00
6.662000000000000000e+03 1.395158156872338111e+02 1.371281451141018124e+02 2.387670573132004037e+00
6.696000000000000000e+03 1.384367551677210884e+02 1.365759999999999934e+02 1.860755167721081849e+00
6.796000000000000000e+03 1.365149086881772860e+02 1.350752982593389504e+02 1.439610428838328460e+00
6.864000000000000000e+03 1.347260299453721473e+02 1.338611382749853362e+02 8.648916703868195777e-01
7.018000000000000000e+03 1.325307548242894882e+02 1.315925417075564212e+02 9.382131167330621802e-01
7.123000000000000000e+03 1.311192157136821663e+02 1.301224168470773463e+02 9.967988666048310797e-01
7.228000000000000000e+03 1.294818398893048652e+02 1.285934109291773382e+02 8.884289601275187076e-01
7.461000000000000000e+03 1.259933580404000679e+02 1.253052965681412445e+02 6.880614722588185295e-01
7.590000000000000000e+03 1.241398477239348352e+02 1.235422885572139364e+02 5.975591667208945967e-01
7.627000000000000000e+03 1.235822460946106673e+02 1.230225054769966135e+02 5.597406176140516942e-01
7.889000000000000000e+03 1.198065215231402050e+02 1.194564040889957823e+02 3.501174341444195925e-01
7.985000000000000000e+03 1.189830386851862016e+02 1.183755282753069054e+02 6.075104098792931673e-01
8.042000000000000000e+03 1.180951196915592050e+02 1.176278976012900586e+02 4.672220902691507916e-01
8.198000000000000000e+03 1.163340584228109975e+02 1.157786336914656431e+02 5.554247313453600787e-01
8.257000000000000000e+03 1.158364313487946049e+02 1.150213197969543160e+02 8.151115518402891613e-01
8.356000000000000000e+03 1.145637706330797698e+02 1.138154410266856758e+02 7.483296063940924059e-01
8.436000000000000000e+03 1.136925737354077341e+02 1.128266285480906816e+02 8.659451873170473934e-01
8.640000000000000000e+03 1.107818708745584217e+02 1.103332648448736535e+02 4.486060296847663165e-01
8.702000000000000000e+03 1.099642631094501581e+02 1.096018118179946583e+02 3.624512914555024778e-01
8.723000000000000000e+03 1.097688166892851882e+02 1.093723470018545214e+02 3.964696874306675722e-01
8.806000000000000000e+03 1.095586445662069934e+02 1.083610824209874011e+02 1.197562145219588370e+00
8.827000000000000000e+03 1.093638456845258560e+02 1.081298325408311030e+02 1.234013143694757897e+00
8.912000000000000000e+03 1.085910705683161268e+02 1.072009956440572580e+02 1.390074924258873468e+00
8.954000000000000000e+03 1.079986732526671318e+02 1.066899273104880592e+02 1.308745942179069255e+00
9.039000000000000000e+03 1.067790136300665012e+02 1.056199791883454679e+02 1.159034441721028319e+00
9.213000000000000000e+03 1.043625183757809083e+02 1.034666666666666686e+02 8.958517091142355060e-01
9.435000000000000000e+03 1.018402683948097263e+02 1.010680716543730284e+02 7.721967404366979482e-01
9.594000000000000000e+03 1.000585997393006465e+02 9.936485054059784261e+01 6.937491987028012730e-01
9.640000000000000000e+03 9.953907055585493424e+01 9.887449564663411650e+01 6.645749092208146358e-01
9.896000000000000000e+03 9.656719749227622174e+01 9.614748124330118628e+01 4.197162489750351777e-01
1.006300000000000000e+04 9.471396794751028381e+01 9.430381383322558975e+01 4.101541142846946708e-01
1.040700000000000000e+04 9.087982092100874354e+01 9.063761168010459812e+01 2.422092409041480543e-01
1.058400000000000000e+04 8.905393333144309054e+01 8.885106382978723616e+01 2.028695016558514364e-01
1.068700000000000000e+04 8.801833841912697665e+01 8.783615943624751310e+01 1.821789828794695976e-01
1.087000000000000000e+04 8.612767395905238743e+01 8.597385331265235209e+01 1.538206464000305695e-01
1.124900000000000000e+04 8.253058376666970730e+01 8.240089988751405770e+01 1.296838791556509107e-01
1.130400000000000000e+04 8.197181630645511063e+01 8.184989858012170316e+01 1.219177263334055156e-01
1.155800000000000000e+04 7.936262928978456443e+01 7.927355278093077118e+01 8.907650885379271577e-02
1.161600000000000000e+04 7.878626407382969887e+01 7.871184898794633966e+01 7.441508588335578323e-02
1.203100000000000000e+04 7.492376580389883145e+01 7.485991230094623461e+01 6.385350295260100451e-02
1.227800000000000000e+04 7.251587493144209873e+01 7.246271777003484260e+01 5.315716140726035877e-02
1.231000000000000000e+04 7.222103507749474716e+01 7.216926296210183978e+01 5.177211539290581255e-02
1.234200000000000000e+04 7.186018876268424549e+01 7.180841664729133811e+01 5.177211539290581255e-02
1.243700000000000000e+04 7.083577563929242160e+01 7.079171515010473570e+01 4.406048918769163436e-02
1.256600000000000000e+04 6.961376786599517175e+01 6.957366332010273879e+01 4.010454589243804546e-02
1.263200000000000000e+04 6.898403448042971320e+01 6.894552256254384304e+01 3.851191788586723341e-02
1.276500000000000000e+04 6.761805392624330580e+01 6.758885506907047613e+01 2.919885717282305615e-02
1.293500000000000000e+04 6.588465343498985760e+01 6.586447831184057122e+01 2.017512314927973754e-02
1.300500000000000000e+04 6.478701208458598160e+01 6.477220797388669382e+01 1.480411069928675924e-02
1.304000000000000000e+04 6.424319579914509859e+01 6.423064403627063257e+01 1.255176287446422081e-02
1.347600000000000000e+04 6.030146813973368580e+01 6.029300257430377030e+01 8.465565429915748383e-03
1.359100000000000000e+04 5.932213766506057340e+01 5.931441969519343616e+01 7.717969867136470138e-03
1.366800000000000000e+04 5.864877362998746690e+01 5.864163341938511564e+01 7.140210602348633778e-03
1.378500000000000000e+04 5.766358299008548016e+01 5.765718316482482919e+01 6.399825260648122488e-03
1.382500000000000000e+04 5.724443476903886108e+01 5.723843081982617065e+01 6.003949212692187391e-03
1.411000000000000000e+04 5.428219222588777626e+01 5.427838657029610658e+01 3.805655591671786020e-03
1.419500000000000000e+04 5.340881360893107654e+01 5.340525459195536229e+01 3.559016975714527752e-03
1.441100000000000000e+04 5.124659926965222212e+01 5.124359270376356790e+01 3.006565888655590626e-03
1.445500000000000000e+04 5.081775520198839047e+01 5.081484897394512501e+01 2.906228043267878713e-03
1.468200000000000000e+04 4.943895853785392092e+01 4.943594512903975868e+01 3.013408814159354056e-03
1.472800000000000000e+04 4.905525195403571814e+01 4.905228910062746905e+01 2.962853408251362505e-03
1.501200000000000000e+04 4.676049730821343076e+01 4.675782155272306539e+01 2.675755490364372519e-03
1.515900000000000000e+04 4.561790895793468792e+01 4.561536681323767795e+01 2.542144697009398203e-03
1.530900000000000000e+04 4.466428854052186637e+01 4.466187050359712174e+01 2.418036924742385241e-03
1.578200000000000000e+04 4.177125756187824379e+01 4.176924877135502356e+01 2.008790523217998756e-03
1.606100000000000000e+04 3.971346367412994738e+01 3.971156082809955734e+01 1.902846030391758475e-03
1.611800000000000000e+04 3.929757189690145225e+01 3.929570267131243355e+01 1.869225589019534069e-03
1.666000000000000000e+04 3.605267315465804501e+01 3.605110336817654115e+01 1.569786481503032856e-03
1.674900000000000000e+04 3.528585294531585248e+01 3.528411344247175663e+01 1.739502844093615292e-03
1.678800000000000000e+04 3.508732220603545926e+01 3.508558246828143012e+01 1.739737754027870405e-03
1.705100000000000000e+04 3.376423667018097063e+01 3.376255496412867529e+01 1.681706052292514762e-03
1.718700000000000000e+04 3.310711984892564175e+01 3.310549501507071568e+01 1.624833854926477274e-03
1.725600000000000000e+04 3.277767546759310591e+01 3.277605012763982018e+01 1.625339953283797337e-03
1.746800000000000000e+04 3.147811631618017003e+01 3.147637704540216319e+01 1.739270778008561013e-03
1.766600000000000000e+04 3.033075050071551360e+01 3.032888888888889056e+01 1.861611826624180125e-03
1.768800000000000000e+04 3.023793791642652096e+01 3.023607609443043742e+01 1.861821996084626505e-03
1.791600000000000000e+04 2.926455719159460145e+01 2.926281903885950797e+01 1.738152735092519160e-03
1.807300000000000000e+04 2.862973461505164607e+01 2.862808392898317322e+01 1.650686068473845467e-03
1.823400000000000000e+04 2.797848423276806074e+01 2.797688929974578187e+01 1.594933022280297166e-03
1.826600000000000000e+04 2.784785641376911514e+01 2.784628901734103934e+01 1.567396428074609594e-03
1.848300000000000000e+04 2.685280511848249319e+01 2.685121107266436269e+01 1.594045818128842981e-03
1.865400000000000000e+04 2.610067711442642135e+01 2.609905551716194338e+01 1.621597264478518742e-03
1.883000000000000000e+04 2.533896832878485128e+01 2.533731892389054963e+01 1.649404894300087908e-03
1.892000000000000000e+04 2.495917867102328813e+01 2.495750057431656543e+01 1.678096706721667964e-03
1.939800000000000000e+04 2.310229351218191240e+01 2.310052667735287812e+01 1.766834829035514179e-03
2.035900000000000000e+04 1.975917510820063683e+01 1.975721754944305530e+01 1.957558757582022590e-03
2.059400000000000000e+04 1.902767846506234051e+01 1.902565266742338324e+01 2.025797638956306455e-03
2.071400000000000000e+04 1.865844533189624954e+01 1.865638466772510640e+01 2.060664171143259098e-03
2.083700000000000000e+04 1.828984642926466364e+01 1.828778608656243065e+01 2.060342702233613869e-03
2.109000000000000000e+04 1.755472170816110022e+01 1.755258991178466488e+01 2.131796376435620560e-03
2.163200000000000000e+04 1.607786341072303316e+01 1.607565863544246909e+01 2.204775280564738073e-03
2.177400000000000000e+04 1.570717405307358661e+01 1.570496964245558758e+01 2.204410617999416361e-03
2.192000000000000000e+04 1.533752171312294799e+01 1.533527958679541925e+01 2.242126327528840956e-03
2.222200000000000000e+04 1.460116034890332593e+01 1.459888017917133318e+01 2.280169731993013805e-03
2.234700000000000000e+04 1.431026835186391999e+01 1.430798836428731313e+01 2.279987576606287702e-03
2.237900000000000000e+04 1.424081209766834988e+01 1.423853211009174302e+01 2.279987576606287702e-03
2.254000000000000000e+04 1.390597557846659704e+01 1.390369540873460430e+01 2.280169731993013805e-03
2.270500000000000000e+04 1.357057787250671588e+01 1.356825823806321374e+01 2.319634443501999554e-03
2.287400000000000000e+04 1.323457872510094191e+01 1.323221898137760988e+01 2.359743723331766962e-03
2.304800000000000000e+04 1.289793598547330333e+01 1.289557601616887617e+01 2.359969304427064676e-03
2.306600000000000000e+04 1.286308307732149459e+01 1.286072310801706742e+01 2.359969304427064676e-03
2.322700000000000000e+04 1.252698730181587905e+01 1.252454606590450581e+01 2.441235911373368633e-03
2.360100000000000000e+04 1.178381282873467129e+01 1.178120116097343129e+01 2.611667761239891243e-03
2.383500000000000000e+04 1.134277675988886713e+01 1.134007574069948632e+01 2.701019189380000213e-03
2.399700000000000000e+04 1.107596705978819962e+01 1.107335562987736921e+01 2.611429910830148898e-03
2.442000000000000000e+04 1.040226178984780070e+01 1.039982130891221956e+01 2.440480935581538537e-03
2.473400000000000000e+04 9.934524337543043870e+00 9.932244349966437014e+00 2.279987576606287702e-03
2.487400000000000000e+04 9.704524385289801103e+00 9.702165661978119360e+00 2.358723311681089427e-03
2.511500000000000000e+04 9.320779364618557494e+00 9.318212141427618889e+00 2.567223190939325536e-03
2.536500000000000000e+04 8.940066349433999804e+00 8.937320044296789945e+00 2.746305137210617968e-03
2.562400000000000000e+04 8.558664861072639241e+00 8.555678059536935720e+00 2.986801535703516568e-03
2.575800000000000000e+04 8.369205076265204823e+00 8.366116611661166047e+00 3.088464604038314125e-03
2.589500000000000000e+04 8.209150010597856095e+00 8.206212822207534785e+00 2.937188390322116940e-03
2.617800000000000000e+04 7.884351853276820421e+00 7.881651578714948592e+00 2.700274561871399137e-03
2.626600000000000000e+04 7.788334340701626779e+00 7.785723756906077320e+00 2.610583795549555140e-03
2.647500000000000000e+04 7.534973619531784017e+00 7.532318552834767367e+00 2.655066697016776524e-03
2.678500000000000000e+04 7.173749983806166242e+00 7.170957095709571405e+00 2.792888096595025696e-03
2.711000000000000000e+04 6.814387349120254456e+00 6.811498793065614343e+00 2.888556054639744575e-03
2.745200000000000000e+04 6.473812409466972895e+00 6.470923853412332782e+00 2.888556054639744575e-03
2.781300000000000000e+04 6.133237469813693110e+00 6.130348913759052998e+00 2.888556054639744575e-03
