1.170000000000000000e+02 3.325151089217177400e+02
1.600000000000000000e+02 3.291248047830401333e+02
3.420000000000000000e+02 3.169902379218461306e+02
3.590000000000000000e+02 3.168293471486983890e+02
4.380000000000000000e+02 3.104434672038237863e+02
4.470000000000000000e+02 3.098898597601279903e+02
5.980000000000000000e+02 3.035335740347132401e+02
7.240000000000000000e+02 2.987869831939657956e+02
7.700000000000000000e+02 2.963455840056527109e+02
8.890000000000000000e+02 2.904990262902055633e+02
1.075000000000000000e+03 2.765064622880556726e+02
1.085000000000000000e+03 2.757457869188116888e+02
1.132000000000000000e+03 2.746677547872988043e+02
1.160000000000000000e+03 2.706245139062672820e+02
1.208000000000000000e+03 2.686817323275795388e+02
1.256000000000000000e+03 2.667598238638839234e+02
1.294000000000000000e+03 2.656430762474061567e+02
1.371000000000000000e+03 2.647923267175975184e+02
1.410000000000000000e+03 2.643323664281833203e+02
1.449000000000000000e+03 2.616886197366163742e+02
1.468000000000000000e+03 2.555668979918969228e+02
1.488000000000000000e+03 2.533854635078172919e+02
1.517000000000000000e+03 2.539886490452983026e+02
1.606000000000000000e+03 2.481156608428468644e+02
1.645000000000000000e+03 2.483014942219541012e+02
1.665000000000000000e+03 2.414743732963142691e+02
1.685000000000000000e+03 2.471766527651684555e+02
1.695000000000000000e+03 2.482677396792465174e+02
1.715000000000000000e+03 2.461937680209466066e+02
1.725000000000000000e+03 2.419526832435633139e+02
1.735000000000000000e+03 2.384605089132955982e+02
1.755000000000000000e+03 2.422413516211129831e+02
1.786000000000000000e+03 2.438287287611345562e+02
1.928000000000000000e+03 2.405195624776255841e+02
1.989000000000000000e+03 2.412975571797368843e+02
2.061000000000000000e+03 2.390879601706201925e+02
2.113000000000000000e+03 2.336518608108746093e+02
2.166000000000000000e+03 2.332709978522958920e+02
2.197000000000000000e+03 2.311243887979599663e+02
2.218000000000000000e+03 2.284034794653895517e+02
2.229000000000000000e+03 2.262754128376698759e+02
2.239000000000000000e+03 2.269032954551347245e+02
2.282000000000000000e+03 2.205096730403811307e+02
2.314000000000000000e+03 2.181031345047505852e+02
2.324000000000000000e+03 2.182707613813810212e+02
2.367000000000000000e+03 2.176701420897552737e+02
2.464000000000000000e+03 2.163953970583572470e+02
2.497000000000000000e+03 2.135169600884637475e+02
2.695000000000000000e+03 2.069855230810335343e+02
2.818000000000000000e+03 2.062307410847932942e+02
2.852000000000000000e+03 2.046265378619219462e+02
2.977000000000000000e+03 2.006519145551882843e+02
3.035000000000000000e+03 2.002663132559672192e+02
3.139000000000000000e+03 1.983139758684864944e+02
3.556000000000000000e+03 1.906164180535946286e+02
3.765000000000000000e+03 1.876808312785556438e+02
3.790000000000000000e+03 1.870939528516318262e+02
3.815000000000000000e+03 1.865070744247080086e+02
3.903000000000000000e+03 1.847448205738564013e+02
4.030000000000000000e+03 1.822254009903214467e+02
4.120000000000000000e+03 1.810296962485506356e+02
4.277000000000000000e+03 1.792322520933257977e+02
4.370000000000000000e+03 1.772018358721722109e+02
4.437000000000000000e+03 1.747211251768439979e+02
4.490000000000000000e+03 1.746069788560116649e+02
4.531000000000000000e+03 1.737492611937126412e+02
4.612000000000000000e+03 1.720263284235007575e+02
4.667000000000000000e+03 1.688699011959055269e+02
4.736000000000000000e+03 1.672677332141820443e+02
4.890000000000000000e+03 1.618667600705697112e+02
5.088000000000000000e+03 1.585689880044073448e+02
5.204000000000000000e+03 1.567208186475004368e+02
5.292000000000000000e+03 1.546609475651154355e+02
5.440000000000000000e+03 1.516599273756459070e+02
5.637000000000000000e+03 1.479818676134723887e+02
5.903000000000000000e+03 1.432706636527078956e+02
5.967000000000000000e+03 1.423108102349794706e+02
6.343000000000000000e+03 1.369303220307038487e+02
6.393000000000000000e+03 1.365652592191152053e+02
6.427000000000000000e+03 1.363752596984958814e+02
6.460000000000000000e+03 1.362950117916566057e+02
6.682000000000000000e+03 1.331133625966135980e+02
6.928000000000000000e+03 1.296810186052059066e+02
6.982000000000000000e+03 1.286425663857057202e+02
7.018000000000000000e+03 1.276496284846086837e+02
7.054000000000000000e+03 1.266975419455972514e+02
7.090000000000000000e+03 1.261502174704950932e+02
7.348000000000000000e+03 1.227989720279152976e+02
7.479000000000000000e+03 1.209856188150053100e+02
7.498000000000000000e+03 1.207422620721128084e+02
7.574000000000000000e+03 1.194800072351458624e+02
8.025000000000000000e+03 1.141799901671019768e+02
8.065000000000000000e+03 1.136883586485048738e+02
8.105000000000000000e+03 1.133692170883188624e+02
8.146000000000000000e+03 1.127834670582343222e+02
8.207000000000000000e+03 1.121483344649634830e+02
8.498000000000000000e+03 1.086240007111453565e+02
8.561000000000000000e+03 1.077391939562218681e+02
8.625000000000000000e+03 1.068659282660697585e+02
8.864000000000000000e+03 1.038131178219383060e+02
8.953000000000000000e+03 1.026317169573092087e+02
9.020000000000000000e+03 1.018579528653859683e+02
9.110000000000000000e+03 1.007654448465565764e+02
9.133000000000000000e+03 1.005116321453378703e+02
9.201000000000000000e+03 9.969529212417648978e+01
9.385000000000000000e+03 9.764643808917149670e+01
9.455000000000000000e+03 9.673311222004149101e+01
9.526000000000000000e+03 9.595313802644022871e+01
9.574000000000000000e+03 9.554778462013554474e+01
9.766000000000000000e+03 9.356698363817426412e+01
9.790000000000000000e+03 9.319700160990021232e+01
9.839000000000000000e+03 9.240902596258069934e+01
9.864000000000000000e+03 9.202044508143583812e+01
9.888000000000000000e+03 9.165471950242564958e+01
1.032000000000000000e+04 8.680615407470247646e+01
1.056000000000000000e+04 8.419944760699559083e+01
1.069600000000000000e+04 8.259318785375610616e+01
1.092100000000000000e+04 7.959916183383973021e+01
1.103600000000000000e+04 7.809165031497130371e+01
1.133500000000000000e+04 7.426639879096286734e+01
1.145900000000000000e+04 7.274621057365708054e+01
1.178000000000000000e+04 6.909387868240021646e+01
1.198100000000000000e+04 6.684101837951057234e+01
1.215300000000000000e+04 6.494423717689328157e+01
1.240100000000000000e+04 6.270516230798972401e+01
1.292700000000000000e+04 5.819117119427227891e+01
1.320700000000000000e+04 5.591605510548556168e+01
1.337200000000000000e+04 5.462446729746444163e+01
1.367000000000000000e+04 5.209596112472924290e+01
1.393800000000000000e+04 4.994510036740325631e+01
1.417000000000000000e+04 4.816791028517079809e+01
1.426500000000000000e+04 4.745365170884516459e+01
1.431300000000000000e+04 4.714932787543454396e+01
1.450800000000000000e+04 4.590595147539330156e+01
1.507600000000000000e+04 4.247979603348662181e+01
1.523900000000000000e+04 4.131477538520432091e+01
1.529400000000000000e+04 4.092784160198527132e+01
1.551900000000000000e+04 3.961784009235547188e+01
1.575200000000000000e+04 3.831926391899463624e+01
1.587200000000000000e+04 3.765027155126481517e+01
1.624600000000000000e+04 3.568458662688306759e+01
1.631000000000000000e+04 3.533129730295864590e+01
1.657200000000000000e+04 3.396422357632032885e+01
1.682400000000000000e+04 3.269971937628790926e+01
1.705800000000000000e+04 3.138748499379781620e+01
1.716000000000000000e+04 3.083775899090163364e+01
1.727700000000000000e+04 3.032951111963058821e+01
1.750400000000000000e+04 2.939165044674783900e+01
1.758100000000000000e+04 2.906401866926216115e+01
1.773900000000000000e+04 2.843300835837494844e+01
1.781900000000000000e+04 2.811621635045616685e+01
1.815100000000000000e+04 2.685262008358757413e+01
1.824600000000000000e+04 2.649542378425734057e+01
1.841100000000000000e+04 2.571926981375298027e+01
1.850000000000000000e+04 2.531549434272154642e+01
1.859000000000000000e+04 2.491322717912404627e+01
1.868200000000000000e+04 2.446758101905946248e+01
1.870100000000000000e+04 2.437439096397873328e+01
1.911200000000000000e+04 2.316837316978669037e+01
1.957000000000000000e+04 2.154198224388957783e+01
1.983900000000000000e+04 2.063483936091655124e+01
2.000700000000000000e+04 1.997661080078841778e+01
2.005300000000000000e+04 1.980664475164635263e+01
2.012200000000000000e+04 1.960189157506583868e+01
2.044300000000000000e+04 1.868246231412848957e+01
2.047900000000000000e+04 1.854119200651209809e+01
2.059100000000000000e+04 1.812053307837589244e+01
2.060300000000000000e+04 1.809334195031528481e+01
2.073000000000000000e+04 1.779559360884199748e+01
2.100400000000000000e+04 1.714252479005385155e+01
2.112500000000000000e+04 1.680493508828532612e+01
2.143000000000000000e+04 1.597420774840531443e+01
2.153100000000000000e+04 1.561004522594440935e+01
2.169200000000000000e+04 1.526938456187648896e+01
2.184200000000000000e+04 1.496215985497610568e+01
2.199600000000000000e+04 1.465295857597977580e+01
2.215400000000000000e+04 1.434176134429753979e+01
2.228200000000000000e+04 1.409397319289973893e+01
2.231500000000000000e+04 1.400911384837938733e+01
2.265000000000000000e+04 1.318709776623244778e+01
2.282500000000000000e+04 1.277798936284048992e+01
2.300500000000000000e+04 1.244012667688218343e+01
2.338100000000000000e+04 1.175621132616345399e+01
2.357800000000000000e+04 1.141045403217084342e+01
2.378000000000000000e+04 1.106915114555519430e+01
2.399000000000000000e+04 1.072690522508961841e+01
2.420500000000000000e+04 1.038366862248156508e+01
2.429300000000000000e+04 1.024516717756997153e+01
2.466100000000000000e+04 9.562056513032029414e+00
2.487800000000000000e+04 9.180735000799559842e+00
2.515300000000000000e+04 8.829774910963658741e+00
2.541500000000000000e+04 8.507533470517472551e+00
2.568700000000000000e+04 8.186660616721454176e+00
2.594300000000000000e+04 7.895258631734936472e+00
2.597200000000000000e+04 7.855923775928420838e+00
2.626900000000000000e+04 7.467976660975920389e+00
2.658000000000000000e+04 7.079985935150052256e+00
2.680900000000000000e+04 6.782888882397113406e+00
2.691100000000000000e+04 6.695665323278488401e+00
2.697900000000000000e+04 6.637251829638638689e+00
2.725900000000000000e+04 6.340460207534297510e+00
2.751500000000000000e+04 6.080149466503973699e+00
2.762900000000000000e+04 5.942590291399411306e+00
2.766700000000000000e+04 5.897050896902050532e+00
2.802400000000000000e+04 5.575662248378867147e+00
2.835800000000000000e+04 5.289933086449066124e+00
2.844500000000000000e+04 5.222662134236686349e+00
2.853200000000000000e+04 5.155331330727814354e+00
