1.170000000000000000e+02 3.292673407775212127e+02
1.510000000000000000e+02 3.249744941534097507e+02
1.760000000000000000e+02 3.175547073278730181e+02
2.700000000000000000e+02 3.132856842450777890e+02
3.220000000000000000e+02 3.135554631758142818e+02
3.650000000000000000e+02 3.141481350872508074e+02
4.790000000000000000e+02 2.983544657474089377e+02
6.200000000000000000e+02 2.943538186526679397e+02
8.560000000000000000e+02 2.902091039697389192e+02
9.670000000000000000e+02 2.838609535198194749e+02
1.173000000000000000e+03 2.763872685492281107e+02
1.316000000000000000e+03 2.740384168222278731e+02
1.374000000000000000e+03 2.734367034663202389e+02
1.383000000000000000e+03 2.729729877097670396e+02
1.470000000000000000e+03 2.689628651578132121e+02
1.499000000000000000e+03 2.658944404118083753e+02
1.587000000000000000e+03 2.630628718719426615e+02
1.636000000000000000e+03 2.640283442835483356e+02
1.755000000000000000e+03 2.587227955031456190e+02
1.816000000000000000e+03 2.552102844298249522e+02
1.896000000000000000e+03 2.513544980337581194e+02
2.153000000000000000e+03 2.439746236578515663e+02
2.216000000000000000e+03 2.395793649414050037e+02
2.258000000000000000e+03 2.384916543104583866e+02
2.503000000000000000e+03 2.323135774638806197e+02
2.556000000000000000e+03 2.304640208855054766e+02
2.865000000000000000e+03 2.198997273213812491e+02
3.001000000000000000e+03 2.156103787444131115e+02
3.138000000000000000e+03 2.122593789746138668e+02
3.266000000000000000e+03 2.067356523450128520e+02
3.384000000000000000e+03 2.055960970215268446e+02
3.479000000000000000e+03 2.004352062370620899e+02
3.515000000000000000e+03 1.997736066789319693e+02
3.527000000000000000e+03 1.991442276843641253e+02
3.563000000000000000e+03 1.973453546082004380e+02
3.599000000000000000e+03 1.986659030191343618e+02
3.636000000000000000e+03 1.977972491981714427e+02
3.857000000000000000e+03 1.923494184021161857e+02
3.882000000000000000e+03 1.917396012952698356e+02
3.995000000000000000e+03 1.879448362037053357e+02
4.083000000000000000e+03 1.861386178655447736e+02
4.225000000000000000e+03 1.833353715431340163e+02
4.303000000000000000e+03 1.807668650315503385e+02
4.473000000000000000e+03 1.761965485489857883e+02
4.540000000000000000e+03 1.748184238118865892e+02
4.553000000000000000e+03 1.745432224855293271e+02
4.580000000000000000e+03 1.739932226673343223e+02
4.607000000000000000e+03 1.738236873387992887e+02
4.661000000000000000e+03 1.727138956707977115e+02
4.688000000000000000e+03 1.717982220812963590e+02
4.715000000000000000e+03 1.716063005481383072e+02
4.742000000000000000e+03 1.710532750124828283e+02
4.756000000000000000e+03 1.715408500545802610e+02
4.949000000000000000e+03 1.668882265077452303e+02
4.977000000000000000e+03 1.663702598783122255e+02
5.075000000000000000e+03 1.645169981238987873e+02
5.118000000000000000e+03 1.638167443266675036e+02
5.260000000000000000e+03 1.613670143743800338e+02
5.376000000000000000e+03 1.594246344932519435e+02
5.420000000000000000e+03 1.585536451482414293e+02
5.493000000000000000e+03 1.571909093239341928e+02
5.552000000000000000e+03 1.554152679804578270e+02
5.611000000000000000e+03 1.546122655506524097e+02
5.791000000000000000e+03 1.510054731280647502e+02
5.806000000000000000e+03 1.503833719804746636e+02
5.852000000000000000e+03 1.493295073653228542e+02
5.943000000000000000e+03 1.480428135985771121e+02
6.145000000000000000e+03 1.452047591326591487e+02
6.272000000000000000e+03 1.433887137042736413e+02
6.320000000000000000e+03 1.426725473700207942e+02
6.497000000000000000e+03 1.396890982349341925e+02
6.662000000000000000e+03 1.372168997535673611e+02
6.762000000000000000e+03 1.353967010207910846e+02
6.846000000000000000e+03 1.342313647593567509e+02
6.966000000000000000e+03 1.322688907169741412e+02
7.000000000000000000e+03 1.318726409223155258e+02
7.104000000000000000e+03 1.304521523041051978e+02
7.140000000000000000e+03 1.298298853554754544e+02
7.228000000000000000e+03 1.286273668278411719e+02
7.246000000000000000e+03 1.283938366651699425e+02
7.281000000000000000e+03 1.276769122113796584e+02
7.335000000000000000e+03 1.268988489400255730e+02
7.407000000000000000e+03 1.258931091194676668e+02
7.462000000000000000e+03 1.250411864894514054e+02
7.517000000000000000e+03 1.242818076101339528e+02
7.572000000000000000e+03 1.235703392509666116e+02
7.628000000000000000e+03 1.225833578443734808e+02
7.759000000000000000e+03 1.207582363387947026e+02
7.778000000000000000e+03 1.204530922732280800e+02
7.797000000000000000e+03 1.201489691223794551e+02
7.969000000000000000e+03 1.177428765071994832e+02
7.988000000000000000e+03 1.174526525374428871e+02
8.027000000000000000e+03 1.168995847095323626e+02
8.047000000000000000e+03 1.165604979714943568e+02
8.086000000000000000e+03 1.158064802993669389e+02
8.145000000000000000e+03 1.148476859443179023e+02
8.205000000000000000e+03 1.138964372304451587e+02
8.366000000000000000e+03 1.116144560360670823e+02
8.448000000000000000e+03 1.104904348237726879e+02
8.490000000000000000e+03 1.099023847454224097e+02
8.552000000000000000e+03 1.087827983383739650e+02
8.573000000000000000e+03 1.082694114273436838e+02
8.594000000000000000e+03 1.081423310056371605e+02
8.615000000000000000e+03 1.078492138491135819e+02
8.722000000000000000e+03 1.063108377634642210e+02
8.786000000000000000e+03 1.046307152658508244e+02
8.808000000000000000e+03 1.042901403261975588e+02
8.940000000000000000e+03 1.027072963933925109e+02
8.984000000000000000e+03 1.021549399861200698e+02
9.029000000000000000e+03 1.016012388394422317e+02
9.142000000000000000e+03 9.978182144763522388e+01
9.373000000000000000e+03 9.686640841391886170e+01
9.421000000000000000e+03 9.580672552987223867e+01
9.468000000000000000e+03 9.494978498933737399e+01
9.614000000000000000e+03 9.290247072831965625e+01
9.992000000000000000e+03 8.747211978654981124e+01
1.015000000000000000e+04 8.530483745601024737e+01
1.023000000000000000e+04 8.420454831526363648e+01
1.045000000000000000e+04 8.136932797176748977e+01
1.085300000000000000e+04 7.643412544973037370e+01
1.160700000000000000e+04 6.798197867384052984e+01
1.164000000000000000e+04 6.764377863025805482e+01
1.167300000000000000e+04 6.733486149146332878e+01
1.194700000000000000e+04 6.491073612934135895e+01
1.215900000000000000e+04 6.306480613131286361e+01
1.241600000000000000e+04 6.091922060992600763e+01
1.256800000000000000e+04 5.968172660589500111e+01
1.283900000000000000e+04 5.740749246094374314e+01
1.287900000000000000e+04 5.708899645363566577e+01
1.316400000000000000e+04 5.448851790840158316e+01
1.355000000000000000e+04 5.117836136705014383e+01
1.359500000000000000e+04 5.079241287967192875e+01
1.363900000000000000e+04 5.040714705322668010e+01
1.377500000000000000e+04 4.947219945247838524e+01
1.386700000000000000e+04 4.885425240678151226e+01
1.415100000000000000e+04 4.699055072386499887e+01
1.470500000000000000e+04 4.356409854771566614e+01
1.497100000000000000e+04 4.189133579006443853e+01
1.513600000000000000e+04 4.088917513535940884e+01
1.524800000000000000e+04 4.021409359150344898e+01
1.542000000000000000e+04 3.896528865962432064e+01
1.565600000000000000e+04 3.773679685826509456e+01
1.622000000000000000e+04 3.494813693833520318e+01
1.635100000000000000e+04 3.426472515337935221e+01
1.641800000000000000e+04 3.393044746907251152e+01
1.648500000000000000e+04 3.352027007931925340e+01
1.668500000000000000e+04 3.230437426339033635e+01
1.676200000000000000e+04 3.193696119707383829e+01
1.697800000000000000e+04 3.093705075104515245e+01
1.735400000000000000e+04 2.926455929688837188e+01
1.775300000000000000e+04 2.759696284962417678e+01
1.800500000000000000e+04 2.659686831088927050e+01
1.854000000000000000e+04 2.457467949895511339e+01
1.863200000000000000e+04 2.424552615962365465e+01
1.882200000000000000e+04 2.359615227139074278e+01
1.901600000000000000e+04 2.294382756873483942e+01
1.911600000000000000e+04 2.262169473175382706e+01
1.932000000000000000e+04 2.196475272089338659e+01
1.979300000000000000e+04 2.051830982028489814e+01
1.986000000000000000e+04 2.026739901995541970e+01
2.008900000000000000e+04 1.943172989390748029e+01
2.032600000000000000e+04 1.876784240523433311e+01
2.044900000000000000e+04 1.843898779457698822e+01
2.057300000000000000e+04 1.810921594006600799e+01
2.070000000000000000e+04 1.777853778230621629e+01
2.082900000000000000e+04 1.744692238540552509e+01
2.085500000000000000e+04 1.738367589786120959e+01
2.109400000000000000e+04 1.670419002306376299e+01
2.166200000000000000e+04 1.521302030508680936e+01
2.179700000000000000e+04 1.487429761528239602e+01
2.181200000000000000e+04 1.483896868288995208e+01
2.196500000000000000e+04 1.451868356518368230e+01
2.228300000000000000e+04 1.388009126162108586e+01
2.244800000000000000e+04 1.355525296321722450e+01
2.261700000000000000e+04 1.323502958902700577e+01
2.302500000000000000e+04 1.248709449504985081e+01
2.315400000000000000e+04 1.220130277718931033e+01
2.354000000000000000e+04 1.137852383768391817e+01
2.374200000000000000e+04 1.097276721427592072e+01
2.395000000000000000e+04 1.057071867116670916e+01
2.405800000000000000e+04 1.038515946175770388e+01
2.439400000000000000e+04 9.938160668329183878e+00
2.462600000000000000e+04 9.591999252036291779e+00
2.486700000000000000e+04 9.245204448972883071e+00
2.504200000000000000e+04 9.004538986198451056e+00
2.511800000000000000e+04 8.889634948795029246e+00
2.538000000000000000e+04 8.506854314528927929e+00
2.565300000000000000e+04 8.126517829819247751e+00
2.588000000000000000e+04 7.822568841427775865e+00
2.593800000000000000e+04 7.759115801527788570e+00
2.623700000000000000e+04 7.446901208724985288e+00
2.655000000000000000e+04 7.073013668582273539e+00
2.677900000000000000e+04 6.831682813967115742e+00
2.688000000000000000e+04 6.710244639994372484e+00
2.722900000000000000e+04 6.311330285251320227e+00
2.733700000000000000e+04 6.192225910103982045e+00
2.759900000000000000e+04 5.958116813028672354e+00
2.799200000000000000e+04 5.622931638455438197e+00
2.841200000000000000e+04 5.238561060189246277e+00
2.886100000000000000e+04 4.854701141201909209e+00
2.929500000000000000e+04 4.566903670061866372e+00
2.934500000000000000e+04 4.530037849308769182e+00
2.986800000000000000e+04 4.163213534982167729e+00
2.992300000000000000e+04 4.126713649578054088e+00
