1.170000000000000000e+02 3.252308586921253095e+02 2.666443631294650345e+02 5.858649556266025371e+01
2.730000000000000000e+02 3.158922168792946650e+02 2.636139673626951776e+02 5.227824951659945896e+01
3.160000000000000000e+02 3.132444885273433783e+02 2.628056972041497943e+02 5.043879132319356984e+01
4.570000000000000000e+02 3.102426307975738951e+02 2.596262144497438840e+02 5.061641634783000399e+01
5.550000000000000000e+02 3.079284355978170993e+02 2.574290271132376233e+02 5.049940848457948306e+01
5.900000000000000000e+02 3.074095914741905631e+02 2.566017385133936841e+02 5.080785296079686475e+01
6.530000000000000000e+02 3.065698957357852237e+02 2.551270659321130552e+02 5.144282980367218272e+01
7.610000000000000000e+02 3.022967091329885534e+02 2.527155341537363995e+02 4.958117497925217521e+01
7.790000000000000000e+02 2.989146549769034209e+02 2.523419596644654632e+02 4.657269531243797900e+01
8.240000000000000000e+02 2.981640421949842903e+02 2.513158176943699402e+02 4.684822450061434296e+01
8.700000000000000000e+02 2.936335903946710459e+02 2.499288650580875526e+02 4.370472533658351466e+01
8.970000000000000000e+02 2.940354282907433117e+02 2.494533739037050282e+02 4.458205438703826928e+01
9.430000000000000000e+02 2.906776841933860283e+02 2.482421637112663291e+02 4.243552048211969918e+01
9.790000000000000000e+02 2.910782955195965087e+02 2.474848430493273383e+02 4.359345247026919168e+01
9.890000000000000000e+02 2.903512547076944088e+02 2.473839526117393746e+02 4.296730209595502004e+01
1.193000000000000000e+03 2.762979508694301671e+02 2.421243019275806319e+02 3.417364894184952817e+01
1.240000000000000000e+03 2.751345256075136376e+02 2.409868349864742640e+02 3.414769062103937358e+01
1.345000000000000000e+03 2.723539317017112467e+02 2.385102151509673263e+02 3.384371655074392038e+01
1.412000000000000000e+03 2.681925505907881870e+02 2.367172064411072938e+02 3.147534414968089678e+01
1.675000000000000000e+03 2.608667831597775830e+02 2.308900638103919789e+02 2.997671934938558991e+01
1.695000000000000000e+03 2.601602345576384323e+02 2.304081707094656224e+02 2.975206384817279925e+01
1.864000000000000000e+03 2.528183758233039384e+02 2.264221123924583594e+02 2.639626343084556837e+01
1.955000000000000000e+03 2.499479279192064780e+02 2.243580994312970347e+02 2.558982848790945397e+01
2.233000000000000000e+03 2.413148758317510385e+02 2.181917605763901804e+02 2.312311525536084744e+01
2.254000000000000000e+03 2.395588283138854990e+02 2.176183262516164802e+02 2.194050206226903299e+01
2.296000000000000000e+03 2.360570463037389288e+02 2.164714576020690799e+02 1.958558870166983823e+01
2.445000000000000000e+03 2.316167739912674506e+02 2.130872707059477591e+02 1.852950328531969149e+01
2.530000000000000000e+03 2.269354658553638160e+02 2.109430743556462176e+02 1.599239149971760199e+01
2.574000000000000000e+03 2.260063727349713929e+02 2.100256172266567773e+02 1.598075550831462444e+01
2.650000000000000000e+03 2.243571979771323299e+02 2.083957597173144904e+02 1.596143825981784126e+01
2.815000000000000000e+03 2.166149838976779165e+02 2.048280754153444150e+02 1.178690848233351218e+01
2.826000000000000000e+03 2.173083623627343286e+02 2.045383610229606290e+02 1.277000133977370844e+01
2.882000000000000000e+03 2.130948089375795007e+02 2.032415467961890556e+02 9.853262141390434437e+00
2.893000000000000000e+03 2.127915748467169692e+02 2.031033838100579487e+02 9.688191036659020483e+00
2.915000000000000000e+03 2.122002680310289122e+02 2.026746492048643518e+02 9.525618826164558683e+00
2.949000000000000000e+03 2.129832731381542885e+02 2.019546901329339050e+02 1.102858300522037105e+01
2.983000000000000000e+03 2.120952226583199547e+02 2.011582693388274947e+02 1.093695331949246530e+01
2.994000000000000000e+03 2.117888624333809844e+02 2.009428517893948083e+02 1.084601064398616899e+01
3.166000000000000000e+03 2.072755019686491096e+02 1.974688499905891206e+02 9.806651978059983676e+00
3.189000000000000000e+03 2.051956807396771296e+02 1.968846226237530459e+02 8.311058115924074841e+00
3.212000000000000000e+03 2.060907388669148474e+02 1.964482953475230715e+02 9.642443519391783013e+00
3.258000000000000000e+03 2.048951144190149876e+02 1.955736653461611070e+02 9.321449072853880580e+00
3.282000000000000000e+03 2.042999564052780954e+02 1.951353596375306836e+02 9.164596767747399397e+00
3.352000000000000000e+03 2.040959734430624906e+02 1.937431435596746780e+02 1.035282988338781429e+01
3.364000000000000000e+03 2.040432028021975555e+02 1.935228003784295083e+02 1.052040242376803469e+01
3.399000000000000000e+03 2.020875413993805125e+02 1.927877295966673330e+02 9.299811802713190190e+00
3.423000000000000000e+03 2.014890182147726136e+02 1.923456509380329749e+02 9.143367276739637006e+00
3.446000000000000000e+03 2.024087361298906842e+02 1.919029015740565285e+02 1.050583455583414860e+01
3.458000000000000000e+03 2.019310677044903741e+02 1.916812749003984209e+02 1.024979280409196036e+01
3.494000000000000000e+03 2.004681535129033705e+02 1.908703738849876572e+02 9.597779627915723921e+00
3.542000000000000000e+03 1.965863212773091675e+02 1.898362773029439552e+02 6.750043974365202537e+00
3.590000000000000000e+03 1.962777055243686277e+02 1.888724092032705926e+02 7.405296321098029821e+00
3.650000000000000000e+03 1.958644545460354607e+02 1.876108890158005238e+02 8.253565530234951098e+00
3.772000000000000000e+03 1.933931231555812360e+02 1.853621249761131367e+02 8.030998179468108233e+00
3.822000000000000000e+03 1.924146929188108288e+02 1.844577990430622094e+02 7.956893875748620282e+00
4.008000000000000000e+03 1.883034063944127183e+02 1.806245438832341392e+02 7.678862511178582650e+00
4.097000000000000000e+03 1.864240756844491216e+02 1.788816624975947605e+02 7.542413186854373564e+00
4.199000000000000000e+03 1.837059260247038992e+02 1.769010607521697125e+02 6.804865272534199150e+00
4.251000000000000000e+03 1.829363579602300263e+02 1.758394132406871506e+02 7.096944719542888969e+00
4.381000000000000000e+03 1.795597272791260934e+02 1.733792836398838233e+02 6.180443639242276355e+00
4.434000000000000000e+03 1.777975808047465023e+02 1.721773475314617485e+02 5.620233273284754638e+00
4.474000000000000000e+03 1.769296888550261713e+02 1.714086417360976782e+02 5.521047118928502861e+00
4.607000000000000000e+03 1.752975817503585176e+02 1.691882421646875798e+02 6.109339585670935158e+00
4.648000000000000000e+03 1.740948092237189542e+02 1.685443556248781363e+02 5.550453598840807246e+00
4.770000000000000000e+03 1.720574590162418929e+02 1.664701507144255004e+02 5.587308301816395151e+00
4.852000000000000000e+03 1.702219271410521060e+02 1.649703863502647607e+02 5.251540790787332824e+00
4.936000000000000000e+03 1.683556127376795359e+02 1.634647278443702021e+02 4.890884893309332071e+00
4.977000000000000000e+03 1.671070856261576694e+02 1.625498133228531970e+02 4.557272303304484851e+00
5.062000000000000000e+03 1.656968788167761488e+02 1.612268874433274277e+02 4.469991373448719330e+00
5.090000000000000000e+03 1.649398850800142213e+02 1.607417636614717082e+02 4.198121418542522854e+00
5.132000000000000000e+03 1.642333671889477102e+02 1.600758743331357437e+02 4.157492855811953270e+00
5.406000000000000000e+03 1.598063627467161893e+02 1.558506687961669002e+02 3.955693950549299842e+00
5.450000000000000000e+03 1.590863927757713157e+02 1.551689662067586539e+02 3.917426569012651516e+00
5.582000000000000000e+03 1.568813528154028063e+02 1.531107092626080259e+02 3.770643552794791908e+00
5.642000000000000000e+03 1.556393481713149072e+02 1.522304128902316336e+02 3.408935281083269153e+00
5.975000000000000000e+03 1.499272039259740552e+02 1.471314984709480314e+02 2.795705455026011421e+00
6.006000000000000000e+03 1.491878113854468779e+02 1.466182411752703558e+02 2.569570210176525205e+00
6.052000000000000000e+03 1.484504040064081494e+02 1.459063968935213609e+02 2.544007112886784494e+00
6.146000000000000000e+03 1.470282521019767046e+02 1.445349743589743525e+02 2.493277743002343616e+00
6.161000000000000000e+03 1.467687156189241193e+02 1.442758054586496996e+02 2.492910160274431242e+00
6.193000000000000000e+03 1.459070126082121135e+02 1.436388261851015784e+02 2.268186423110548855e+00
6.224000000000000000e+03 1.453022169900387723e+02 1.431193263503799358e+02 2.182890639658829013e+00
6.240000000000000000e+03 1.448618481132885449e+02 1.428005750667488201e+02 2.061273046539728426e+00
6.256000000000000000e+03 1.444089514430567931e+02 1.424818237831176759e+02 1.927127659939115167e+00
6.304000000000000000e+03 1.431251494751522557e+02 1.411776275353411165e+02 1.947521939811145186e+00
6.336000000000000000e+03 1.426802639868016058e+02 1.406569612466680326e+02 2.023302740133559929e+00
6.352000000000000000e+03 1.419574331954231639e+02 1.402237246465888063e+02 1.733708548834365537e+00
6.368000000000000000e+03 1.416797355934645566e+02 1.399631071940971481e+02 1.716628399367403413e+00
6.482000000000000000e+03 1.397906598090411023e+02 1.381895949002673092e+02 1.601064908773785378e+00
6.499000000000000000e+03 1.395123571650099166e+02 1.379271754782966468e+02 1.585181686713263316e+00
6.631000000000000000e+03 1.372564352393541469e+02 1.359322454038421597e+02 1.324189835511995206e+00
6.867000000000000000e+03 1.336784594879669044e+02 1.324838642515094591e+02 1.194595236457446585e+00
6.971000000000000000e+03 1.321821130482612432e+02 1.310361546499477470e+02 1.145958398313491777e+00
7.005000000000000000e+03 1.318106649344503012e+02 1.306058195520201082e+02 1.204845382430201672e+00
7.040000000000000000e+03 1.312101143852530925e+02 1.300649486695998291e+02 1.145165715653269967e+00
7.057000000000000000e+03 1.309367825600988624e+02 1.298486055776892272e+02 1.088176982409627902e+00
7.075000000000000000e+03 1.306656697662465945e+02 1.296318992654774434e+02 1.033770500769152223e+00
7.128000000000000000e+03 1.299258160149804837e+02 1.288711372713895287e+02 1.054678743590955259e+00
7.270000000000000000e+03 1.276569737531800257e+02 1.269013310796535023e+02 7.556426735265294736e-01
7.324000000000000000e+03 1.270008755235829909e+02 1.262376615123914405e+02 7.632140111915455272e-01
7.360000000000000000e+03 1.263804144520417907e+02 1.256866652533389868e+02 6.937491987028012730e-01
7.378000000000000000e+03 1.261193937445735003e+02 1.254108165429480408e+02 7.085772016254570094e-01
7.396000000000000000e+03 1.258508001518509900e+02 1.251347337152556776e+02 7.160664365953111066e-01
7.414000000000000000e+03 1.256680536645819899e+02 1.250176408076514463e+02 6.504128569305406282e-01
7.451000000000000000e+03 1.248819576190248739e+02 1.243579171094580289e+02 5.240405095668432267e-01
7.542000000000000000e+03 1.236524662929067659e+02 1.232324439701174015e+02 4.200223227893611355e-01
7.691000000000000000e+03 1.217557828767947683e+02 1.213072793643976865e+02 4.485035123970846360e-01
7.804000000000000000e+03 1.201875588565618784e+02 1.197190260719672494e+02 4.685327845946356540e-01
7.842000000000000000e+03 1.197875197238404326e+02 1.193588248001728260e+02 4.286949236676134145e-01
7.918000000000000000e+03 1.187995442254219682e+02 1.183757313109425837e+02 4.238129144793809089e-01
8.054000000000000000e+03 1.169871076469906512e+02 1.165774003919007100e+02 4.097072550899449328e-01
8.132000000000000000e+03 1.158545662299134165e+02 1.155276140580659217e+02 3.269521718475008609e-01
8.251000000000000000e+03 1.143120580955027918e+02 1.139925454944091143e+02 3.195126010936732985e-01
8.311000000000000000e+03 1.134617246661225636e+02 1.131702174390511715e+02 2.915072270713941482e-01
8.432000000000000000e+03 1.116008092405319587e+02 1.114186302576524952e+02 1.821789828794695976e-01
8.514000000000000000e+03 1.105583582840742309e+02 1.103431221020092607e+02 2.152361820649765223e-01
8.555000000000000000e+03 1.099201318932151707e+02 1.097546961325966919e+02 1.654357606184776175e-01
8.576000000000000000e+03 1.096235383721700600e+02 1.094600928587220920e+02 1.634455134479660954e-01
8.786000000000000000e+03 1.068905488948612827e+02 1.067367015357222328e+02 1.538473591390540074e-01
8.893000000000000000e+03 1.055627894626017138e+02 1.053848559303104793e+02 1.779335322912362627e-01
8.915000000000000000e+03 1.052860192177179925e+02 1.051321260898725711e+02 1.538931278454150620e-01
8.958000000000000000e+03 1.044682006959935308e+02 1.043448737994192612e+02 1.233268965742634476e-01
8.980000000000000000e+03 1.042115211588354384e+02 1.040912139503688962e+02 1.203072084665472025e-01
9.024000000000000000e+03 1.036970019488799721e+02 1.035825307950727989e+02 1.144711538071689627e-01
9.135000000000000000e+03 1.021016384808360442e+02 1.020273726722010394e+02 7.426580863500624463e-02
9.248000000000000000e+03 1.005371389235254327e+02 1.004666217127444412e+02 7.051721078099480733e-02
9.340000000000000000e+03 9.894342747367419122e+01 9.889342607134844343e+01 5.000140232574097621e-02
9.433000000000000000e+03 9.736096509624192663e+01 9.732586786114222832e+01 3.509723509970136962e-02
9.528000000000000000e+03 9.578829321089784798e+01 9.576391683433936919e+01 2.437637655848414603e-02
9.576000000000000000e+03 9.509366734045637770e+01 9.506997540800357172e+01 2.369193245280097615e-02
9.648000000000000000e+03 9.401006348142459501e+01 9.398703910614526080e+01 2.302437527932899020e-02
9.746000000000000000e+03 9.258015129522617315e+01 9.255840964931874737e+01 2.174164590742781039e-02
9.896000000000000000e+03 9.069927639586286716e+01 9.068099395567496401e+01 1.828244018790447373e-02
9.972000000000000000e+03 8.977599712477741889e+01 8.975924680564895652e+01 1.675031912846254925e-02
1.018000000000000000e+04 8.636827165342162971e+01 8.635655464055197683e+01 1.171701286965359974e-02
1.023300000000000000e+04 8.560070145951942777e+01 8.558950411385369250e+01 1.119734566573115861e-02
1.042200000000000000e+04 8.288855770093604747e+01 8.287879459339686150e+01 9.763107539192569101e-03
1.050500000000000000e+04 8.174747959316152901e+01 8.173843770745740756e+01 9.041885704122372761e-03
1.073100000000000000e+04 7.868516531740617381e+01 7.867754022481817344e+01 7.625092588005482827e-03
1.081800000000000000e+04 7.765881847923800763e+01 7.765131143927705182e+01 7.507039960950978585e-03
1.096600000000000000e+04 7.591485930557246320e+01 7.590746860541968033e+01 7.390700152787236035e-03
1.114900000000000000e+04 7.386307834790783033e+01 7.385591539986781129e+01 7.162948040019999178e-03
1.130400000000000000e+04 7.215333924577669222e+01 7.214628772857457761e+01 7.051517202119104641e-03
1.149600000000000000e+04 7.007069605521999733e+01 7.006386258533362366e+01 6.833469886368247898e-03
1.162700000000000000e+04 6.870348960826325424e+01 6.869676282757102115e+01 6.726780692237186755e-03
1.166000000000000000e+04 6.836171466882260006e+01 6.835498788813036697e+01 6.726780692237186755e-03
1.193100000000000000e+04 6.551150424567546793e+01 6.550538579907671988e+01 6.118446598744820691e-03
1.207000000000000000e+04 6.409017374939101330e+01 6.408433999560729433e+01 5.833753783725399364e-03
1.217700000000000000e+04 6.301192519693657346e+01 6.300636383585692357e+01 5.561361079647771793e-03
1.221200000000000000e+04 6.269886534777288034e+01 6.269330406147091850e+01 5.561286301965350648e-03
1.235700000000000000e+04 6.141659955629184253e+01 6.141129918663442311e+01 5.300369657421106356e-03
1.269600000000000000e+04 5.852580801255103893e+01 5.852083792723263400e+01 4.970085318407620537e-03
1.313400000000000000e+04 5.500333052343076190e+01 5.499889258028793648e+01 4.437943142826874209e-03
1.334400000000000000e+04 5.337897695201110082e+01 5.337475038828490170e+01 4.226563726198845870e-03
1.356000000000000000e+04 5.177186991297868701e+01 5.176784523015344064e+01 4.024682825249753862e-03
1.364800000000000000e+04 5.112703979996494041e+01 5.112308034720676631e+01 3.959452758175939155e-03
1.378200000000000000e+04 5.017991216446563385e+01 5.017614269788183634e+01 3.769466583798032882e-03
1.387300000000000000e+04 4.953193843240337202e+01 4.952823030573532748e+01 3.708126668047327049e-03
1.415400000000000000e+04 4.762362882836477240e+01 4.762015677491601195e+01 3.472053448760877969e-03
1.439800000000000000e+04 4.602976093929186874e+01 4.602651089642776583e+01 3.250042864104296225e-03
1.444800000000000000e+04 4.570155571820544083e+01 4.569835918183861168e+01 3.196536366825916686e-03
1.480500000000000000e+04 4.327885676229694667e+01 4.327591634809984811e+01 2.940414197095533172e-03
1.496500000000000000e+04 4.223171428050288512e+01 4.222891837193613895e+01 2.795908566743514258e-03
1.524000000000000000e+04 4.050475082153376150e+01 4.050213723284588951e+01 2.613588687874379007e-03
1.541100000000000000e+04 3.924557811961833664e+01 3.924278362049675195e+01 2.794499121586957718e-03
1.546900000000000000e+04 3.882888917366577886e+01 3.882599955327228258e+01 2.889620393496229386e-03
1.558700000000000000e+04 3.820378170433728116e+01 3.820093980756321628e+01 2.841896774061447323e-03
1.564700000000000000e+04 3.789036471118471638e+01 3.788756998880179339e+01 2.794722382921107067e-03
1.582900000000000000e+04 3.694683143927496616e+01 3.694408264091623550e+01 2.748798358728722288e-03
1.589100000000000000e+04 3.663115894475693324e+01 3.662845583277140804e+01 2.703111985522924782e-03
1.621000000000000000e+04 3.469986560709134693e+01 3.469707131678962497e+01 2.794290301723569795e-03
1.634100000000000000e+04 3.403631238983183493e+01 3.403356455582904516e+01 2.747834002789821106e-03
1.654400000000000000e+04 3.303873137292713125e+01 3.303607438942415087e+01 2.656983502982043083e-03
1.734400000000000000e+04 2.935787135706605966e+01 2.935555055167754901e+01 2.320805388510024936e-03
1.742200000000000000e+04 2.902143010369981369e+01 2.901914845685965005e+01 2.281646840163998723e-03
1.766100000000000000e+04 2.801032621479690832e+01 2.800812091134672244e+01 2.205303450186063378e-03
1.782600000000000000e+04 2.733474882318703081e+01 2.733258071799503242e+01 2.168105191999854416e-03
1.834700000000000000e+04 2.532354048884414510e+01 2.532154996600952046e+01 1.990522834626160930e-03
1.843800000000000000e+04 2.498313999732416946e+01 2.498118340512355573e+01 1.956592200612564808e-03
1.853000000000000000e+04 2.464243125218537500e+01 2.464050805171240910e+01 1.923200472966017172e-03
1.862200000000000000e+04 2.430144683998939925e+01 2.429952348536419393e+01 1.923354625204207798e-03
1.890800000000000000e+04 2.326599624414885881e+01 2.326413808766750080e+01 1.858156481357692335e-03
1.920600000000000000e+04 2.223880640990298829e+01 2.223697975892654100e+01 1.826650976447618700e-03
1.930900000000000000e+04 2.189576575754703924e+01 2.189397042093288093e+01 1.795336614157916387e-03
1.973700000000000000e+04 2.052054008931239792e+01 2.051880556188739391e+01 1.734527425004848836e-03
2.007800000000000000e+04 1.948584106904267443e+01 1.948413604199954463e+01 1.705027043128959406e-03
2.019600000000000000e+04 1.914029179097944677e+01 1.913861612240237520e+01 1.675668577070573134e-03
2.031600000000000000e+04 1.880304744224199354e+01 1.880137142857142862e+01 1.676013670565667298e-03
2.056300000000000000e+04 1.811008930542204354e+01 1.810844200411805005e+01 1.647301303994405273e-03
2.069000000000000000e+04 1.776312036444792142e+01 1.776150148775463222e+01 1.618876693289603673e-03
2.095200000000000000e+04 1.698275547380895745e+01 1.698108046501025825e+01 1.675008798698718240e-03
2.104600000000000000e+04 1.671225956190604123e+01 1.671058502162531312e+01 1.674540280728786974e-03
2.108600000000000000e+04 1.661383593286322125e+01 1.661216123889774465e+01 1.674693965476647733e-03
2.136400000000000000e+04 1.593588116114810127e+01 1.593429158110882859e+01 1.589580039273464848e-03
2.150800000000000000e+04 1.560308873057813450e+01 1.560155357550834054e+01 1.535155069794826889e-03
2.195900000000000000e+04 1.458589189773488215e+01 1.458446023378409429e+01 1.431663950788366561e-03
2.227800000000000000e+04 1.391264328079758172e+01 1.391128476212364973e+01 1.358518673932539731e-03
2.244400000000000000e+04 1.357461421286266834e+01 1.357330264672036790e+01 1.311566142300119508e-03
2.246100000000000000e+04 1.353889499537129915e+01 1.353758342922899871e+01 1.311566142300119508e-03
2.278900000000000000e+04 1.284256876850645135e+01 1.284118593426798505e+01 1.382834238465961490e-03
2.296800000000000000e+04 1.248015766800099691e+01 1.247875028715828272e+01 1.407380842713716477e-03
2.315300000000000000e+04 1.211254330569730620e+01 1.211108560936424183e+01 1.457696333063600649e-03
2.334300000000000000e+04 1.175096730422293234e+01 1.174948382656572576e+01 1.483477657206939016e-03
2.353900000000000000e+04 1.138452967240637825e+01 1.138299335319734240e+01 1.536319209035616039e-03
2.370000000000000000e+04 1.109489672573305619e+01 1.109333333333333371e+01 1.563392399722956594e-03
2.374100000000000000e+04 1.102881113011896019e+01 1.102727481090992434e+01 1.536319209035616039e-03
2.395000000000000000e+04 1.069747905554981315e+01 1.069607167470709896e+01 1.407380842713716477e-03
2.416600000000000000e+04 1.038857316870081959e+01 1.038726055850449903e+01 1.312610196321010309e-03
2.429900000000000000e+04 1.020186944652469307e+01 1.020060171256653447e+01 1.267733958158436544e-03
2.439000000000000000e+04 1.003039177013170047e+01 1.002907915993537991e+01 1.312610196321010309e-03
2.486500000000000000e+04 9.174527418065393292e+00 9.172993862241417773e+00 1.533555823975179351e-03
2.491400000000000000e+04 9.091594413237174876e+00 9.090034052213395555e+00 1.560361023778878732e-03
2.511800000000000000e+04 8.801797280789170230e+00 8.800181447040143823e+00 1.615833749026900946e-03
2.532900000000000000e+04 8.512527432252086967e+00 8.510854294130977493e+00 1.673138121108712481e-03
2.538200000000000000e+04 8.446016953689465367e+00 8.444343686238948266e+00 1.673267450516505812e-03
2.565700000000000000e+04 8.105163377671788183e+00 8.103518728717366670e+00 1.644648954421428898e-03
2.594500000000000000e+04 7.766911164957142510e+00 7.765294518990221384e+00 1.616645966920818907e-03
2.624500000000000000e+04 7.427426441852822414e+00 7.425837320574162348e+00 1.589121278660225517e-03
2.640100000000000000e+04 7.257206001314989052e+00 7.255644241733182120e+00 1.561759581807244546e-03
2.656000000000000000e+04 7.060813348856287419e+00 7.059358653627474389e+00 1.454695228813313989e-03
2.689100000000000000e+04 6.665541610174446241e+00 6.663954802259887344e+00 1.586807914558847898e-03
2.692500000000000000e+04 6.624509223502593969e+00 6.622894558591103653e+00 1.614664911490141207e-03
2.724100000000000000e+04 6.323524463989214084e+00 6.321792260692464360e+00 1.732203296749626475e-03
2.727700000000000000e+04 6.291250102076484829e+00 6.289517772243604199e+00 1.732329832880544164e-03
2.746100000000000000e+04 6.076878818296806095e+00 6.075320584926884315e+00 1.558233369921955495e-03
2.761300000000000000e+04 5.931935140552309527e+00 5.930321420543942068e+00 1.613720008367095556e-03
2.800800000000000000e+04 5.565793166798843394e+00 5.563970423481962690e+00 1.822743316881001840e-03
2.821500000000000000e+04 5.384779517265046778e+00 5.382859700156634730e+00 1.919817108411635666e-03
2.842900000000000000e+04 5.229697058554488187e+00 5.227936222771165653e+00 1.760835783322306199e-03
2.887700000000000000e+04 4.916230665911203168e+00 4.914725175299706095e+00 1.505490611497148660e-03
2.936000000000000000e+04 4.524607485577063493e+00 4.522752746021071246e+00 1.854739555992083967e-03
2.946000000000000000e+04 4.447120085624859165e+00 4.445200268516447117e+00 1.919817108411635666e-03
