1.170000000000000000e+02 3.252308586921253095e+02 2.666443631294650345e+02 5.858649556266025371e+01 7.181167441067205504e-01 1.800968405465855682e+01 1.380000000000000071e+01 9.860000000000000000e+02
2.730000000000000000e+02 3.158922168792946650e+02 2.636139673626951776e+02 5.227824951659945896e+01 7.341902212909767744e-01 1.550032956802390238e+01 1.180000000000000071e+01 9.680000000000000000e+02
3.160000000000000000e+02 3.132444885273433783e+02 2.628056972041497943e+02 5.043879132319356984e+01 7.381634790122350021e-01 1.481186516119010044e+01 1.119999999999999929e+01 9.630000000000000000e+02
4.570000000000000000e+02 3.102426307975738951e+02 2.596262144497438840e+02 5.061641634783000399e+01 8.104784729376244279e-01 1.341428089845584459e+01 9.900000000000000355e+00 9.470000000000000000e+02
5.550000000000000000e+02 3.079284355978170993e+02 2.574290271132376233e+02 5.049940848457948306e+01 8.610029277813190385e-01 1.251794215264323640e+01 9.000000000000000000e+00 9.360000000000000000e+02
5.900000000000000000e+02 3.074095914741905631e+02 2.566017385133936841e+02 5.080785296079686475e+01 8.846671430533983305e-01 1.223145696687936379e+01 8.699999999999999289e+00 9.320000000000000000e+02
6.530000000000000000e+02 3.065698957357852237e+02 2.551270659321130552e+02 5.144282980367218272e+01 9.277648923021936112e-01 1.176716717388603151e+01 8.199999999999999289e+00 9.250000000000000000e+02
7.610000000000000000e+02 3.022967091329885534e+02 2.527155341537363995e+02 4.958117497925217521e+01 9.596926777477587933e-01 1.088621537727974165e+01 7.200000000000000178e+00 9.130000000000000000e+02
7.790000000000000000e+02 2.989146549769034209e+02 2.523419596644654632e+02 4.657269531243797900e+01 9.143558329955191466e-01 1.071737815450678255e+01 7.000000000000000000e+00 9.110000000000000000e+02
8.240000000000000000e+02 2.981640421949842903e+02 2.513158176943699402e+02 4.684822450061434296e+01 9.463291254068837421e-01 1.038681240927560268e+01 6.599999999999999645e+00 9.060000000000000000e+02
8.700000000000000000e+02 2.936335903946710459e+02 2.499288650580875526e+02 4.370472533658351466e+01 8.828307784294959770e-01 1.038681240927560268e+01 6.599999999999999645e+00 9.010000000000000000e+02
8.970000000000000000e+02 2.940354282907433117e+02 2.494533739037050282e+02 4.458205438703826928e+01 9.266422295983361979e-01 1.006552677958638142e+01 6.200000000000000178e+00 8.980000000000000000e+02
9.430000000000000000e+02 2.906776841933860283e+02 2.482421637112663291e+02 4.243552048211969918e+01 8.947407476631231704e-01 9.908290923834416120e+00 6.000000000000000000e+00 8.930000000000000000e+02
9.790000000000000000e+02 2.910782955195965087e+02 2.474848430493273383e+02 4.359345247026919168e+01 9.459077771168631354e-01 9.600489772818241008e+00 5.599999999999999645e+00 8.890000000000000000e+02
9.890000000000000000e+02 2.903512547076944088e+02 2.473839526117393746e+02 4.296730209595502004e+01 9.458229180523600732e-01 9.449868083941671770e+00 5.400000000000000355e+00 8.880000000000000000e+02
1.193000000000000000e+03 2.762979508694301671e+02 2.421243019275806319e+02 3.417364894184952817e+01 8.085891871572508105e-01 8.728448539841940246e+00 4.400000000000000355e+00 8.660000000000000000e+02
1.240000000000000000e+03 2.751345256075136376e+02 2.409868349864742640e+02 3.414769062103937358e+01 8.257609273106171210e-01 8.521995223629030392e+00 4.099999999999999645e+00 8.610000000000000000e+02
1.345000000000000000e+03 2.723539317017112467e+02 2.385102151509673263e+02 3.384371655074392038e+01 8.612335002603699330e-01 8.057413061178756664e+00 3.399999999999999911e+00 8.500000000000000000e+02
1.412000000000000000e+03 2.681925505907881870e+02 2.367172064411072938e+02 3.147534414968089678e+01 8.127627946012129234e-01 7.928970069206056515e+00 3.200000000000000178e+00 8.430000000000000000e+02
1.675000000000000000e+03 2.608667831597775830e+02 2.308900638103919789e+02 2.997671934938558991e+01 9.037577149018579670e-01 6.688312013299063885e+00 1.100000000000000089e+00 8.160000000000000000e+02
1.695000000000000000e+03 2.601602345576384323e+02 2.304081707094656224e+02 2.975206384817279925e+01 9.036825356678610532e-01 6.633899328542098850e+00 1.000000000000000000e+00 8.140000000000000000e+02
1.864000000000000000e+03 2.528183758233039384e+02 2.264221123924583594e+02 2.639626343084556837e+01 8.639492176676556445e-01 6.111500000000000377e+00 0.000000000000000000e+00 7.970000000000000000e+02
1.955000000000000000e+03 2.499479279192064780e+02 2.243580994312970347e+02 2.558982848790945397e+01 8.761988551269457304e-01 5.816319227138767367e+00 -5.999999999999999778e-01 7.880000000000000000e+02
2.233000000000000000e+03 2.413148758317510385e+02 2.181917605763901804e+02 2.312311525536084744e+01 9.145835575380151239e-01 4.965124988753940372e+00 -2.500000000000000000e+00 7.610000000000000000e+02
2.254000000000000000e+03 2.395588283138854990e+02 2.176183262516164802e+02 2.194050206226903299e+01 8.678079146635738761e-01 4.965124988753940372e+00 -2.500000000000000000e+00 7.590000000000000000e+02
2.296000000000000000e+03 2.360570463037389288e+02 2.164714576020690799e+02 1.958558870166983823e+01 7.746645377766170348e-01 4.965124988753940372e+00 -2.500000000000000000e+00 7.550000000000000000e+02
2.445000000000000000e+03 2.316167739912674506e+02 2.130872707059477591e+02 1.852950328531969149e+01 7.792847961944209256e-01 4.641983444364422340e+00 -3.299999999999999822e+00 7.410000000000000000e+02
2.530000000000000000e+03 2.269354658553638160e+02 2.109430743556462176e+02 1.599239149971760199e+01 6.830238636936060148e-01 4.564251352387104887e+00 -3.500000000000000000e+00 7.330000000000000000e+02
2.574000000000000000e+03 2.260063727349713929e+02 2.100256172266567773e+02 1.598075550831462444e+01 6.985131219300371175e-01 4.449875560288766074e+00 -3.799999999999999822e+00 7.290000000000000000e+02
2.650000000000000000e+03 2.243571979771323299e+02 2.083957597173144904e+02 1.596143825981784126e+01 7.252038664470760176e-01 4.265040517646013107e+00 -4.299999999999999822e+00 7.220000000000000000e+02
2.815000000000000000e+03 2.166149838976779165e+02 2.048280754153444150e+02 1.178690848233351218e+01 5.789073841048325564e-01 3.916203867793261129e+00 -5.299999999999999822e+00 7.070000000000000000e+02
2.826000000000000000e+03 2.173083623627343286e+02 2.045383610229606290e+02 1.277000133977370844e+01 6.271914371528272136e-01 3.916203867793261129e+00 -5.299999999999999822e+00 7.060000000000000000e+02
2.882000000000000000e+03 2.130948089375795007e+02 2.032415467961890556e+02 9.853262141390434437e+00 4.915701950787532137e-01 3.849640351737479094e+00 -5.500000000000000000e+00 7.010000000000000000e+02
2.893000000000000000e+03 2.127915748467169692e+02 2.031033838100579487e+02 9.688191036659020483e+00 4.909703736377893368e-01 3.784110240582904350e+00 -5.700000000000000178e+00 7.000000000000000000e+02
2.915000000000000000e+03 2.122002680310289122e+02 2.026746492048643518e+02 9.525618826164558683e+00 4.903697385121766339e-01 3.719599096583342313e+00 -5.900000000000000355e+00 6.980000000000000000e+02
2.949000000000000000e+03 2.129832731381542885e+02 2.019546901329339050e+02 1.102858300522037105e+01 5.767383824843558271e-01 3.656092659664085698e+00 -6.099999999999999645e+00 6.950000000000000000e+02
2.983000000000000000e+03 2.120952226583199547e+02 2.011582693388274947e+02 1.093695331949246530e+01 5.764662627961182340e-01 3.624711798209705460e+00 -6.200000000000000178e+00 6.920000000000000000e+02
2.994000000000000000e+03 2.117888624333809844e+02 2.009428517893948083e+02 1.084601064398616899e+01 5.761939215604111597e-01 3.593576845559833366e+00 -6.299999999999999822e+00 6.910000000000000000e+02
3.166000000000000000e+03 2.072755019686491096e+02 1.974688499905891206e+02 9.806651978059983676e+00 5.729084859899321591e-01 3.238518011127774709e+00 -7.500000000000000000e+00 6.760000000000000000e+02
3.189000000000000000e+03 2.051956807396771296e+02 1.968846226237530459e+02 8.311058115924074841e+00 4.855353012242151767e-01 3.238518011127774709e+00 -7.500000000000000000e+00 6.740000000000000000e+02
3.212000000000000000e+03 2.060907388669148474e+02 1.964482953475230715e+02 9.642443519391783013e+00 5.723577894219836759e-01 3.182556581435472154e+00 -7.700000000000000178e+00 6.720000000000000000e+02
3.258000000000000000e+03 2.048951144190149876e+02 1.955736653461611070e+02 9.321449072853880580e+00 5.712537067519760647e-01 3.073273317325194043e+00 -8.099999999999999645e+00 6.680000000000000000e+02
3.282000000000000000e+03 2.042999564052780954e+02 1.951353596375306836e+02 9.164596767747399397e+00 5.707003180227394612e-01 3.019926474492211632e+00 -8.300000000000000711e+00 6.660000000000000000e+02
3.352000000000000000e+03 2.040959734430624906e+02 1.937431435596746780e+02 1.035282988338781429e+01 6.710816004441944038e-01 2.890237581755899399e+00 -8.800000000000000711e+00 6.600000000000000000e+02
3.364000000000000000e+03 2.040432028021975555e+02 1.935228003784295083e+02 1.052040242376803469e+01 6.874502367670202174e-01 2.864918335603430233e+00 -8.900000000000000355e+00 6.590000000000000000e+02
3.399000000000000000e+03 2.020875413993805125e+02 1.927877295966673330e+02 9.299811802713190190e+00 6.175566126109640619e-01 2.814886546853085481e+00 -9.099999999999999645e+00 6.560000000000000000e+02
3.423000000000000000e+03 2.014890182147726136e+02 1.923456509380329749e+02 9.143367276739637006e+00 6.170405207058112795e-01 2.765653994921076109e+00 -9.300000000000000711e+00 6.540000000000000000e+02
3.446000000000000000e+03 2.024087361298906842e+02 1.919029015740565285e+02 1.050583455583414860e+01 7.205335468263226462e-01 2.717209167731329256e+00 -9.500000000000000000e+00 6.520000000000000000e+02
3.458000000000000000e+03 2.019310677044903741e+02 1.916812749003984209e+02 1.024979280409196036e+01 7.086813705275076813e-01 2.693278593485812777e+00 -9.599999999999999645e+00 6.510000000000000000e+02
3.494000000000000000e+03 2.004681535129033705e+02 1.908703738849876572e+02 9.597779627915723921e+00 6.689933511626590112e-01 2.669540699680323925e+00 -9.699999999999999289e+00 6.480000000000000000e+02
3.542000000000000000e+03 1.965863212773091675e+02 1.898362773029439552e+02 6.750043974365202537e+00 4.781853700275501273e-01 2.622637370042683269e+00 -9.900000000000000355e+00 6.440000000000000000e+02
3.590000000000000000e+03 1.962777055243686277e+02 1.888724092032705926e+02 7.405296321098029821e+00 5.375406411382693816e-01 2.553692817035542184e+00 -1.019999999999999929e+01 6.400000000000000000e+02
3.650000000000000000e+03 1.958644545460354607e+02 1.876108890158005238e+02 8.253565530234951098e+00 6.139247789817009471e-01 2.486408144437550760e+00 -1.050000000000000000e+01 6.350000000000000000e+02
3.772000000000000000e+03 1.933931231555812360e+02 1.853621249761131367e+02 8.030998179468108233e+00 6.483021392797638782e-01 2.273655799704866531e+00 -1.150000000000000000e+01 6.250000000000000000e+02
3.822000000000000000e+03 1.924146929188108288e+02 1.844577990430622094e+02 7.956893875748620282e+00 6.638127841824307263e-01 2.193318592306358727e+00 -1.190000000000000036e+01 6.210000000000000000e+02
4.008000000000000000e+03 1.883034063944127183e+02 1.806245438832341392e+02 7.678862511178582650e+00 6.901287058815237518e-01 2.021962662461661786e+00 -1.280000000000000071e+01 6.060000000000000000e+02
4.097000000000000000e+03 1.864240756844491216e+02 1.788816624975947605e+02 7.542413186854373564e+00 7.066547933286237981e-01 1.932144582056110282e+00 -1.330000000000000071e+01 5.990000000000000000e+02
4.199000000000000000e+03 1.837059260247038992e+02 1.769010607521697125e+02 6.804865272534199150e+00 6.703320825019244422e-01 1.829187496102544053e+00 -1.390000000000000036e+01 5.910000000000000000e+02
4.251000000000000000e+03 1.829363579602300263e+02 1.758394132406871506e+02 7.096944719542888969e+00 7.109242722827108230e-01 1.796000452327706443e+00 -1.409999999999999964e+01 5.870000000000000000e+02
4.381000000000000000e+03 1.795597272791260934e+02 1.733792836398838233e+02 6.180443639242276355e+00 6.622411444212085163e-01 1.668688678339159681e+00 -1.490000000000000036e+01 5.770000000000000000e+02
4.434000000000000000e+03 1.777975808047465023e+02 1.721773475314617485e+02 5.620233273284754638e+00 6.022140047005691832e-01 1.668688678339159681e+00 -1.490000000000000036e+01 5.730000000000000000e+02
4.474000000000000000e+03 1.769296888550261713e+02 1.714086417360976782e+02 5.521047118928502861e+00 6.016708188766145549e-01 1.638179171973109804e+00 -1.509999999999999964e+01 5.700000000000000000e+02
4.607000000000000000e+03 1.752975817503585176e+02 1.691882421646875798e+02 6.109339585670935158e+00 7.372765835778198884e-01 1.465595536283901046e+00 -1.630000000000000071e+01 5.600000000000000000e+02
4.648000000000000000e+03 1.740948092237189542e+02 1.685443556248781363e+02 5.550453598840807246e+00 6.931509721517024047e-01 1.411878141750110061e+00 -1.669999999999999929e+01 5.570000000000000000e+02
4.770000000000000000e+03 1.720574590162418929e+02 1.664701507144255004e+02 5.587308301816395151e+00 7.604561754629873827e-01 1.285379671328264362e+00 -1.769999999999999929e+01 5.480000000000000000e+02
4.852000000000000000e+03 1.702219271410521060e+02 1.649703863502647607e+02 5.251540790787332824e+00 7.463800231478333602e-01 1.226105772129176597e+00 -1.819999999999999929e+01 5.420000000000000000e+02
4.936000000000000000e+03 1.683556127376795359e+02 1.634647278443702021e+02 4.890884893309332071e+00 7.260057946429762099e-01 1.169347074345599591e+00 -1.869999999999999929e+01 5.360000000000000000e+02
4.977000000000000000e+03 1.671070856261576694e+02 1.625498133228531970e+02 4.557272303304484851e+00 6.764841479894835308e-01 1.169347074345599591e+00 -1.869999999999999929e+01 5.330000000000000000e+02
5.062000000000000000e+03 1.656968788167761488e+02 1.612268874433274277e+02 4.469991373448719330e+00 7.115886818136994973e-01 1.083524048260187778e+00 -1.950000000000000000e+01 5.270000000000000000e+02
5.090000000000000000e+03 1.649398850800142213e+02 1.607417636614717082e+02 4.198121418542522854e+00 6.801445728636652532e-01 1.062990828515950836e+00 -1.969999999999999929e+01 5.250000000000000000e+02
5.132000000000000000e+03 1.642333671889477102e+02 1.600758743331357437e+02 4.157492855811953270e+00 6.976916310140971467e-01 1.022991086269661620e+00 -2.010000000000000142e+01 5.220000000000000000e+02
5.406000000000000000e+03 1.598063627467161893e+02 1.558506687961669002e+02 3.955693950549299842e+00 8.368771591652350850e-01 7.948665269088791563e-01 -2.269999999999999929e+01 5.030000000000000000e+02
5.450000000000000000e+03 1.590863927757713157e+02 1.551689662067586539e+02 3.917426569012651516e+00 8.592365165466141486e-01 7.642457366683833575e-01 -2.310000000000000142e+01 5.000000000000000000e+02
5.582000000000000000e+03 1.568813528154028063e+02 1.531107092626080259e+02 3.770643552794791908e+00 9.222798962860847549e-01 6.787646181352006147e-01 -2.430000000000000071e+01 4.910000000000000000e+02
5.642000000000000000e+03 1.556393481713149072e+02 1.522304128902316336e+02 3.408935281083269153e+00 8.808734932839273890e-01 6.394033348938604755e-01 -2.489999999999999858e+01 4.870000000000000000e+02
5.975000000000000000e+03 1.499272039259740552e+02 1.471314984709480314e+02 2.795705455026011421e+00 9.546776553646179053e-01 4.722194339891399029e-01 -2.789999999999999858e+01 4.650000000000000000e+02
6.006000000000000000e+03 1.491878113854468779e+02 1.466182411752703558e+02 2.569570210176525205e+00 8.941440349202762761e-01 4.626510871360945965e-01 -2.810000000000000142e+01 4.630000000000000000e+02
6.052000000000000000e+03 1.484504040064081494e+02 1.459063968935213609e+02 2.544007112886784494e+00 9.193281811582393326e-01 4.440474254526510789e-01 -2.850000000000000000e+01 4.600000000000000000e+02
6.146000000000000000e+03 1.470282521019767046e+02 1.445349743589743525e+02 2.493277743002343616e+00 9.813874815730586620e-01 4.046789022451396933e-01 -2.939999999999999858e+01 4.540000000000000000e+02
6.161000000000000000e+03 1.467687156189241193e+02 1.442758054586496996e+02 2.492910160274431242e+00 9.906456718018751273e-01 4.005090010285685120e-01 -2.950000000000000000e+01 4.530000000000000000e+02
6.193000000000000000e+03 1.459070126082121135e+02 1.436388261851015784e+02 2.268186423110548855e+00 9.013437783280906501e-01 4.005090010285685120e-01 -2.950000000000000000e+01 4.510000000000000000e+02
6.224000000000000000e+03 1.453022169900387723e+02 1.431193263503799358e+02 2.182890639658829013e+00 8.841747155078284459e-01 3.922876295060092611e-01 -2.969999999999999929e+01 4.490000000000000000e+02
6.240000000000000000e+03 1.448618481132885449e+02 1.428005750667488201e+02 2.061273046539728426e+00 8.349137956783154735e-01 3.922876295060092611e-01 -2.969999999999999929e+01 4.480000000000000000e+02
6.256000000000000000e+03 1.444089514430567931e+02 1.424818237831176759e+02 1.927127659939115167e+00 7.805785225870247590e-01 3.922876295060092611e-01 -2.969999999999999929e+01 4.470000000000000000e+02
6.304000000000000000e+03 1.431251494751522557e+02 1.411776275353411165e+02 1.947521939811145186e+00 7.449856259474916254e-01 4.174296153827156131e-01 -2.910000000000000142e+01 4.440000000000000000e+02
6.336000000000000000e+03 1.426802639868016058e+02 1.406569612466680326e+02 2.023302740133559929e+00 7.888463260063376392e-01 4.088887394920092122e-01 -2.930000000000000071e+01 4.420000000000000000e+02
6.352000000000000000e+03 1.419574331954231639e+02 1.402237246465888063e+02 1.733708548834365537e+00 6.631955830952717124e-01 4.174296153827156131e-01 -2.910000000000000142e+01 4.410000000000000000e+02
6.368000000000000000e+03 1.416797355934645566e+02 1.399631071940971481e+02 1.716628399367403413e+00 6.629382216071406653e-01 4.131388604192239855e-01 -2.919999999999999929e+01 4.400000000000000000e+02
6.482000000000000000e+03 1.397906598090411023e+02 1.381895949002673092e+02 1.601064908773785378e+00 6.673956431619998408e-01 3.802465547665170864e-01 -3.000000000000000000e+01 4.330000000000000000e+02
6.499000000000000000e+03 1.395123571650099166e+02 1.379271754782966468e+02 1.585181686713263316e+00 6.671396051560071205e-01 3.763091183206803692e-01 -3.010000000000000142e+01 4.320000000000000000e+02
6.631000000000000000e+03 1.372564352393541469e+02 1.359322454038421597e+02 1.324189835511995206e+00 6.136461216610544778e-01 3.389484079073680212e-01 -3.110000000000000142e+01 4.240000000000000000e+02
6.867000000000000000e+03 1.336784594879669044e+02 1.324838642515094591e+02 1.194595236457446585e+00 6.662964713326554600e-01 2.772104612676905555e-01 -3.300000000000000000e+01 4.100000000000000000e+02
6.971000000000000000e+03 1.321821130482612432e+02 1.310361546499477470e+02 1.145958398313491777e+00 6.985581892637444668e-01 2.517452729682161938e-01 -3.389999999999999858e+01 4.040000000000000000e+02
7.005000000000000000e+03 1.318106649344503012e+02 1.306058195520201082e+02 1.204845382430201672e+00 7.642089685127424481e-01 2.411353305938924996e-01 -3.429999999999999716e+01 4.020000000000000000e+02
7.040000000000000000e+03 1.312101143852530925e+02 1.300649486695998291e+02 1.145165715653269967e+00 7.409608815458735842e-01 2.359864693543378689e-01 -3.450000000000000000e+01 4.000000000000000000e+02
7.057000000000000000e+03 1.309367825600988624e+02 1.298486055776892272e+02 1.088176982409627902e+00 7.182699869398421200e-01 2.309391894983600924e-01 -3.470000000000000284e+01 3.990000000000000000e+02
7.075000000000000000e+03 1.306656697662465945e+02 1.296318992654774434e+02 1.033770500769152223e+00 6.961273708415606221e-01 2.259916598673687160e-01 -3.489999999999999858e+01 3.980000000000000000e+02
7.128000000000000000e+03 1.299258160149804837e+02 1.288711372713895287e+02 1.054678743590955259e+00 7.392360635433459226e-01 2.163886747503579733e-01 -3.529999999999999716e+01 3.950000000000000000e+02
7.270000000000000000e+03 1.276569737531800257e+02 1.269013310796535023e+02 7.556426735265294736e-01 5.977809491025021238e-01 1.897923011596674703e-01 -3.650000000000000000e+01 3.870000000000000000e+02
7.324000000000000000e+03 1.270008755235829909e+02 1.262376615123914405e+02 7.632140111915455272e-01 6.417440796671836090e-01 1.776575388984295845e-01 -3.710000000000000142e+01 3.840000000000000000e+02
7.360000000000000000e+03 1.263804144520417907e+02 1.256866652533389868e+02 6.937491987028012730e-01 5.953593469346004641e-01 1.737745800201620228e-01 -3.729999999999999716e+01 3.820000000000000000e+02
7.378000000000000000e+03 1.261193937445735003e+02 1.254108165429480408e+02 7.085772016254570094e-01 6.143279782816672974e-01 1.718626290433913628e-01 -3.739999999999999858e+01 3.810000000000000000e+02
7.396000000000000000e+03 1.258508001518509900e+02 1.251347337152556776e+02 7.160664365953111066e-01 6.272010733508150970e-01 1.699701201741467549e-01 -3.750000000000000000e+01 3.800000000000000000e+02
7.414000000000000000e+03 1.256680536645819899e+02 1.250176408076514463e+02 6.504128569305406282e-01 5.935308245330433996e-01 1.625909135753028367e-01 -3.789999999999999858e+01 3.790000000000000000e+02
7.451000000000000000e+03 1.248819576190248739e+02 1.243579171094580289e+02 5.240405095668432267e-01 4.782104050030192011e-01 1.625909135753028367e-01 -3.789999999999999858e+01 3.770000000000000000e+02
7.542000000000000000e+03 1.236524662929067659e+02 1.232324439701174015e+02 4.200223227893611355e-01 4.249177233537864140e-01 1.454179083898174962e-01 -3.889999999999999858e+01 3.720000000000000000e+02
7.691000000000000000e+03 1.217557828767947683e+02 1.213072793643976865e+02 4.485035123970846360e-01 5.250004194953804548e-01 1.241794839767817182e-01 -4.029999999999999716e+01 3.640000000000000000e+02
7.804000000000000000e+03 1.201875588565618784e+02 1.197190260719672494e+02 4.685327845946356540e-01 5.966187168356431592e-01 1.133698116505378051e-01 -4.110000000000000142e+01 3.580000000000000000e+02
7.842000000000000000e+03 1.197875197238404326e+02 1.193588248001728260e+02 4.286949236676134145e-01 5.817009493826609257e-01 1.058410419804879099e-01 -4.170000000000000284e+01 3.560000000000000000e+02
7.918000000000000000e+03 1.187995442254219682e+02 1.183757313109425837e+02 4.238129144793809089e-01 6.195944272632715188e-01 9.764303524560283276e-02 -4.239999999999999858e+01 3.520000000000000000e+02
8.054000000000000000e+03 1.169871076469906512e+02 1.165774003919007100e+02 4.097072550899449328e-01 6.740724893294202102e-01 8.593916296434239710e-02 -4.350000000000000000e+01 3.450000000000000000e+02
8.132000000000000000e+03 1.158545662299134165e+02 1.155276140580659217e+02 3.269521718475008609e-01 5.740030045590143182e-01 8.011647289328593935e-02 -4.410000000000000142e+01 3.410000000000000000e+02
8.251000000000000000e+03 1.143120580955027918e+02 1.139925454944091143e+02 3.195126010936732985e-01 6.255394285840351065e-01 7.121715543586129571e-02 -4.510000000000000142e+01 3.350000000000000000e+02
8.311000000000000000e+03 1.134617246661225636e+02 1.131702174390511715e+02 2.915072270713941482e-01 5.963090257297485319e-01 6.792105466031542194e-02 -4.550000000000000000e+01 3.320000000000000000e+02
8.432000000000000000e+03 1.116008092405319587e+02 1.114186302576524952e+02 1.821789828794695976e-01 3.981381182663873419e-01 6.324099499108075395e-02 -4.610000000000000142e+01 3.260000000000000000e+02
8.514000000000000000e+03 1.105583582840742309e+02 1.103431221020092607e+02 2.152361820649765223e-01 5.027148959623819469e-01 5.886123147065017852e-02 -4.670000000000000284e+01 3.220000000000000000e+02
8.555000000000000000e+03 1.099201318932151707e+02 1.097546961325966919e+02 1.654357606184776175e-01 3.950888334513220634e-01 5.746494313090654005e-02 -4.689999999999999858e+01 3.200000000000000000e+02
8.576000000000000000e+03 1.096235383721700600e+02 1.094600928587220920e+02 1.634455134479660954e-01 3.947066481417633721e-01 5.677836923453263851e-02 -4.700000000000000000e+01 3.190000000000000000e+02
8.786000000000000000e+03 1.068905488948612827e+02 1.067367015357222328e+02 1.538473591390540074e-01 4.396096730252249118e-01 4.735074537871184625e-02 -4.850000000000000000e+01 3.090000000000000000e+02
8.893000000000000000e+03 1.055627894626017138e+02 1.053848559303104793e+02 1.779335322912362627e-01 5.567021970189766078e-01 4.293784369558335812e-02 -4.929999999999999716e+01 3.040000000000000000e+02
8.915000000000000000e+03 1.052860192177179925e+02 1.051321260898725711e+02 1.538931278454150620e-01 4.925801010574567540e-01 4.189588187355639676e-02 -4.950000000000000000e+01 3.030000000000000000e+02
8.958000000000000000e+03 1.044682006959935308e+02 1.043448737994192612e+02 1.233268965742634476e-01 3.858539387733275206e-01 4.293784369558335812e-02 -4.929999999999999716e+01 3.010000000000000000e+02
8.980000000000000000e+03 1.042115211588354384e+02 1.040912139503688962e+02 1.203072084665472025e-01 3.850785134728021419e-01 4.189588187355639676e-02 -4.950000000000000000e+01 3.000000000000000000e+02
9.024000000000000000e+03 1.036970019488799721e+02 1.035825307950727989e+02 1.144711538071689627e-01 3.835249814086435505e-01 3.988196114558040933e-02 -4.989999999999999858e+01 2.980000000000000000e+02
9.135000000000000000e+03 1.021016384808360442e+02 1.020273726722010394e+02 7.426580863500624463e-02 2.604954070719617820e-01 3.795817194709095316e-02 -5.029999999999999716e+01 2.930000000000000000e+02
9.248000000000000000e+03 1.005371389235254327e+02 1.004666217127444412e+02 7.051721078099480733e-02 2.589964610308247983e-01 3.612079368275392111e-02 -5.070000000000000284e+01 2.880000000000000000e+02
9.340000000000000000e+03 9.894342747367419122e+01 9.889342607134844343e+01 5.000140232574097621e-02 1.753853609408253245e-01 3.795817194709095316e-02 -5.029999999999999716e+01 2.840000000000000000e+02
9.433000000000000000e+03 9.736096509624192663e+01 9.732586786114222832e+01 3.509723509970136962e-02 1.175900302514882173e-01 3.988196114558040933e-02 -4.989999999999999858e+01 2.800000000000000000e+02
9.528000000000000000e+03 9.578829321089784798e+01 9.576391683433936919e+01 2.437637655848414603e-02 7.802374411841206392e-02 4.189588187355639676e-02 -4.950000000000000000e+01 2.760000000000000000e+02
9.576000000000000000e+03 9.509366734045637770e+01 9.506997540800357172e+01 2.369193245280097615e-02 7.583297997276251812e-02 4.189588187355639676e-02 -4.950000000000000000e+01 2.740000000000000000e+02
9.648000000000000000e+03 9.401006348142459501e+01 9.398703910614526080e+01 2.302437527932899020e-02 7.286130681690645983e-02 4.241389482727938448e-02 -4.939999999999999858e+01 2.710000000000000000e+02
9.746000000000000000e+03 9.258015129522617315e+01 9.255840964931874737e+01 2.174164590742781039e-02 6.802327749927911116e-02 4.293784369558335812e-02 -4.929999999999999716e+01 2.670000000000000000e+02
9.896000000000000000e+03 9.069927639586286716e+01 9.068099395567496401e+01 1.828244018790447373e-02 6.055707414011763517e-02 4.037684301798150077e-02 -4.979999999999999716e+01 2.610000000000000000e+02
9.972000000000000000e+03 8.977599712477741889e+01 8.975924680564895652e+01 1.675031912846254925e-02 5.742066770386290014e-02 3.890903597771627059e-02 -5.010000000000000142e+01 2.580000000000000000e+02
1.018000000000000000e+04 8.636827165342162971e+01 8.635655464055197683e+01 1.171701286965359974e-02 3.348066697592872593e-02 4.735074537871184625e-02 -4.850000000000000000e+01 2.500000000000000000e+02
1.023300000000000000e+04 8.560070145951942777e+01 8.558950411385369250e+01 1.119734566573115861e-02 3.128171624044050886e-02 4.851784079171363867e-02 -4.829999999999999716e+01 2.480000000000000000e+02
1.042200000000000000e+04 8.288855770093604747e+01 8.287879459339686150e+01 9.763107539192569101e-03 2.493081196871348854e-02 5.345809687920509423e-02 -4.750000000000000000e+01 2.410000000000000000e+02
1.050500000000000000e+04 8.174747959316152901e+01 8.173843770745740756e+01 9.041885704122372761e-03 2.232779780446094570e-02 5.542797109847576176e-02 -4.720000000000000284e+01 2.380000000000000000e+02
1.073100000000000000e+04 7.868516531740617381e+01 7.867754022481817344e+01 7.625092588005482827e-03 1.703674815090322134e-02 6.174860540447299484e-02 -4.629999999999999716e+01 2.300000000000000000e+02
1.081800000000000000e+04 7.765881847923800763e+01 7.765131143927705182e+01 7.507039960950978585e-03 1.677298310772934106e-02 6.174860540447299484e-02 -4.629999999999999716e+01 2.270000000000000000e+02
1.096600000000000000e+04 7.591485930557246320e+01 7.590746860541968033e+01 7.390700152787236035e-03 1.633134396935990301e-02 6.249067262942577250e-02 -4.620000000000000284e+01 2.220000000000000000e+02
1.114900000000000000e+04 7.386307834790783033e+01 7.385591539986781129e+01 7.162948040019999178e-03 1.582807661762632503e-02 6.249067262942577250e-02 -4.620000000000000284e+01 2.160000000000000000e+02
1.130400000000000000e+04 7.215333924577669222e+01 7.214628772857457761e+01 7.051517202119104641e-03 1.558184617870543402e-02 6.249067262942577250e-02 -4.620000000000000284e+01 2.110000000000000000e+02
1.149600000000000000e+04 7.007069605521999733e+01 7.006386258533362366e+01 6.833469886368247898e-03 1.493402147046062750e-02 6.324099499108075395e-02 -4.610000000000000142e+01 2.050000000000000000e+02
1.162700000000000000e+04 6.870348960826325424e+01 6.869676282757102115e+01 6.726780692237186755e-03 1.470086046407384321e-02 6.324099499108075395e-02 -4.610000000000000142e+01 2.010000000000000000e+02
1.166000000000000000e+04 6.836171466882260006e+01 6.835498788813036697e+01 6.726780692237186755e-03 1.470086046407384321e-02 6.324099499108075395e-02 -4.610000000000000142e+01 2.000000000000000000e+02
1.193100000000000000e+04 6.551150424567546793e+01 6.550538579907671988e+01 6.118446598744820691e-03 1.279431217313313669e-02 6.632653068204065472e-02 -4.570000000000000284e+01 1.920000000000000000e+02
1.207000000000000000e+04 6.409017374939101330e+01 6.408433999560729433e+01 5.833753783725399364e-03 1.193356360344555341e-02 6.792105466031542194e-02 -4.550000000000000000e+01 1.880000000000000000e+02
1.217700000000000000e+04 6.301192519693657346e+01 6.300636383585692357e+01 5.561361079647771793e-03 1.112927330971812123e-02 6.955102254435115150e-02 -4.529999999999999716e+01 1.850000000000000000e+02
1.221200000000000000e+04 6.269886534777288034e+01 6.269330406147091850e+01 5.561286301965350648e-03 1.125192868070364755e-02 6.873156335319093035e-02 -4.539999999999999858e+01 1.840000000000000000e+02
1.235700000000000000e+04 6.141659955629184253e+01 6.141129918663442311e+01 5.300369657421106356e-03 1.108362767176235796e-02 6.632653068204065472e-02 -4.570000000000000284e+01 1.800000000000000000e+02
1.269600000000000000e+04 5.852580801255103893e+01 5.852083792723263400e+01 4.970085318407620537e-03 1.122832702100641684e-02 6.101470992560267120e-02 -4.639999999999999858e+01 1.710000000000000000e+02
1.313400000000000000e+04 5.500333052343076190e+01 5.499889258028793648e+01 4.437943142826874209e-03 1.120654683653828955e-02 5.410739303121758076e-02 -4.739999999999999858e+01 1.600000000000000000e+02
1.334400000000000000e+04 5.337897695201110082e+01 5.337475038828490170e+01 4.226563726198845870e-03 1.116188024116451447e-02 5.155328642022372065e-02 -4.779999999999999716e+01 1.550000000000000000e+02
1.356000000000000000e+04 5.177186991297868701e+01 5.176784523015344064e+01 4.024682825249753862e-03 1.124364557955408357e-02 4.851784079171363867e-02 -4.829999999999999716e+01 1.500000000000000000e+02
1.364800000000000000e+04 5.112703979996494041e+01 5.112308034720676631e+01 3.959452758175939155e-03 1.131390062280696399e-02 4.735074537871184625e-02 -4.850000000000000000e+01 1.480000000000000000e+02
1.378200000000000000e+04 5.017991216446563385e+01 5.017614269788183634e+01 3.769466583798032882e-03 1.126976200091177847e-02 4.509425586918013040e-02 -4.889999999999999858e+01 1.450000000000000000e+02
1.387300000000000000e+04 4.953193843240337202e+01 4.952823030573532748e+01 3.708126668047327049e-03 1.134084588361019413e-02 4.400379949099919585e-02 -4.910000000000000142e+01 1.430000000000000000e+02
1.415400000000000000e+04 4.762362882836477240e+01 4.762015677491601195e+01 3.472053448760877969e-03 1.163279297969684045e-02 3.988196114558040933e-02 -4.989999999999999858e+01 1.370000000000000000e+02
1.439800000000000000e+04 4.602976093929186874e+01 4.602651089642776583e+01 3.250042864104296225e-03 1.180005272757084049e-02 3.657223538867233892e-02 -5.060000000000000142e+01 1.320000000000000000e+02
1.444800000000000000e+04 4.570155571820544083e+01 4.569835918183861168e+01 3.196536366825916686e-03 1.174027726558023524e-02 3.612079368275392111e-02 -5.070000000000000284e+01 1.310000000000000000e+02
1.480500000000000000e+04 4.327885676229694667e+01 4.327591634809984811e+01 2.940414197095533172e-03 1.092485567672323021e-02 3.567452820745822123e-02 -5.079999999999999716e+01 1.240000000000000000e+02
1.496500000000000000e+04 4.223171428050288512e+01 4.222891837193613895e+01 2.795908566743514258e-03 1.038795745414318461e-02 3.567452820745822123e-02 -5.079999999999999716e+01 1.210000000000000000e+02
1.524000000000000000e+04 4.050475082153376150e+01 4.050213723284588951e+01 2.613588687874379007e-03 9.823304079032623912e-03 3.523338435189683066e-02 -5.089999999999999858e+01 1.160000000000000000e+02
1.541100000000000000e+04 3.924557811961833664e+01 3.924278362049675195e+01 2.794499121586957718e-03 9.151081409636633787e-03 4.087741693415231081e-02 -4.970000000000000284e+01 1.130000000000000000e+02
1.546900000000000000e+04 3.882888917366577886e+01 3.882599955327228258e+01 2.889620393496229386e-03 9.040780570675052349e-03 4.293784369558335812e-02 -4.929999999999999716e+01 1.120000000000000000e+02
1.558700000000000000e+04 3.820378170433728116e+01 3.820093980756321628e+01 2.841896774061447323e-03 9.306293402035975895e-03 4.087741693415231081e-02 -4.970000000000000284e+01 1.100000000000000000e+02
1.564700000000000000e+04 3.789036471118471638e+01 3.788756998880179339e+01 2.794722382921107067e-03 9.363458079209220630e-03 3.988196114558040933e-02 -4.989999999999999858e+01 1.090000000000000000e+02
1.582900000000000000e+04 3.694683143927496616e+01 3.694408264091623550e+01 2.748798358728722288e-03 9.865941587323677139e-03 3.702890846414975956e-02 -5.050000000000000000e+01 1.060000000000000000e+02
1.589100000000000000e+04 3.663115894475693324e+01 3.662845583277140804e+01 2.703111985522924782e-03 9.928022255371558857e-03 3.612079368275392111e-02 -5.070000000000000284e+01 1.050000000000000000e+02
1.621000000000000000e+04 3.469986560709134693e+01 3.469707131678962497e+01 2.794290301723569795e-03 8.943945830963072677e-03 4.189588187355639676e-02 -4.950000000000000000e+01 1.000000000000000000e+02
1.634100000000000000e+04 3.403631238983183493e+01 3.403356455582904516e+01 2.747834002789821106e-03 8.998268228267497157e-03 4.087741693415231081e-02 -4.970000000000000284e+01 9.800000000000000000e+01
1.654400000000000000e+04 3.303873137292713125e+01 3.303607438942415087e+01 2.656983502982043083e-03 9.004465322211495024e-03 3.939271178700672060e-02 -5.000000000000000000e+01 9.500000000000000000e+01
1.734400000000000000e+04 2.935787135706605966e+01 2.935555055167754901e+01 2.320805388510024936e-03 8.926873015824798169e-03 3.436624566960855276e-02 -5.110000000000000142e+01 8.400000000000000000e+01
1.742200000000000000e+04 2.902143010369981369e+01 2.901914845685965005e+01 2.281646840163998723e-03 8.878430664203256287e-03 3.394014422088030558e-02 -5.120000000000000284e+01 8.300000000000000000e+01
1.766100000000000000e+04 2.801032621479690832e+01 2.800812091134672244e+01 2.205303450186063378e-03 8.885169062278878288e-03 3.269108242656952601e-02 -5.150000000000000000e+01 8.000000000000000000e+01
1.782600000000000000e+04 2.733474882318703081e+01 2.733258071799503242e+01 2.168105191999854416e-03 8.940755262629968003e-03 3.188222922229766443e-02 -5.170000000000000284e+01 7.800000000000000000e+01
1.834700000000000000e+04 2.532354048884414510e+01 2.532154996600952046e+01 1.990522834626160930e-03 9.012308262477895446e-03 2.882903846547358456e-02 -5.250000000000000000e+01 7.200000000000000000e+01
1.843800000000000000e+04 2.498313999732416946e+01 2.498118340512355573e+01 1.956592200612564808e-03 8.963186422703332129e-03 2.846709699683494521e-02 -5.260000000000000142e+01 7.100000000000000000e+01
1.853000000000000000e+04 2.464243125218537500e+01 2.464050805171240910e+01 1.923200472966017172e-03 8.914247201461106621e-03 2.810937946086555436e-02 -5.270000000000000284e+01 7.000000000000000000e+01
1.862200000000000000e+04 2.430144683998939925e+01 2.429952348536419393e+01 1.923354625204207798e-03 9.020326583166591791e-03 2.775584045907411243e-02 -5.279999999999999716e+01 6.900000000000000000e+01
1.890800000000000000e+04 2.326599624414885881e+01 2.326413808766750080e+01 1.858156481357692335e-03 8.922058908771327360e-03 2.706111867967655321e-02 -5.300000000000000000e+01 6.600000000000000000e+01
1.920600000000000000e+04 2.223880640990298829e+01 2.223697975892654100e+01 1.826650976447618700e-03 9.086658394325524551e-03 2.604926537201379330e-02 -5.329999999999999716e+01 6.300000000000000000e+01
1.930900000000000000e+04 2.189576575754703924e+01 2.189397042093288093e+01 1.795336614157916387e-03 9.037037301382448012e-03 2.571986879528012637e-02 -5.339999999999999858e+01 6.200000000000000000e+01
1.973700000000000000e+04 2.052054008931239792e+01 2.051880556188739391e+01 1.734527425004848836e-03 9.154525723152999450e-03 2.444059459571248580e-02 -5.379999999999999716e+01 5.800000000000000000e+01
2.007800000000000000e+04 1.948584106904267443e+01 1.948413604199954463e+01 1.705027043128959406e-03 9.325404291830010489e-03 2.352021490900061546e-02 -5.410000000000000142e+01 5.500000000000000000e+01
2.019600000000000000e+04 1.914029179097944677e+01 1.913861612240237520e+01 1.675668577070573134e-03 9.274592069237690140e-03 2.322065019083425358e-02 -5.420000000000000284e+01 5.400000000000000000e+01
2.031600000000000000e+04 1.880304744224199354e+01 1.880137142857142862e+01 1.676013670565667298e-03 9.500346717203575833e-03 2.263212812085759265e-02 -5.439999999999999858e+01 5.300000000000000000e+01
2.056300000000000000e+04 1.811008930542204354e+01 1.810844200411805005e+01 1.647301303994405273e-03 9.563341963485388203e-03 2.205749282426621230e-02 -5.460000000000000142e+01 5.100000000000000000e+01
2.069000000000000000e+04 1.776312036444792142e+01 1.776150148775463222e+01 1.618876693289603673e-03 9.511414956270843046e-03 2.177528800463818248e-02 -5.470000000000000284e+01 5.000000000000000000e+01
2.095200000000000000e+04 1.698275547380895745e+01 1.698108046501025825e+01 1.675008798698718240e-03 8.840397051751519575e-03 2.444059459571248580e-02 -5.379999999999999716e+01 4.800000000000000000e+01
2.104600000000000000e+04 1.671225956190604123e+01 1.671058502162531312e+01 1.674540280728786974e-03 8.529275915775978711e-03 2.539434517715640632e-02 -5.350000000000000000e+01 4.729999999999999716e+01
2.108600000000000000e+04 1.661383593286322125e+01 1.661216123889774465e+01 1.674693965476647733e-03 8.631638110762345981e-03 2.507265256330267617e-02 -5.360000000000000142e+01 4.700000000000000000e+01
2.136400000000000000e+04 1.593588116114810127e+01 1.593429158110882859e+01 1.589580039273464848e-03 8.591190896258702955e-03 2.382336746555161963e-02 -5.400000000000000000e+01 4.500000000000000000e+01
2.150800000000000000e+04 1.560308873057813450e+01 1.560155357550834054e+01 1.535155069794826889e-03 8.598725938648707143e-03 2.292463417667913242e-02 -5.429999999999999716e+01 4.400000000000000000e+01
2.195900000000000000e+04 1.458589189773488215e+01 1.458446023378409429e+01 1.431663950788366561e-03 8.719388830452371592e-03 2.094867926302907551e-02 -5.500000000000000000e+01 4.100000000000000000e+01
2.227800000000000000e+04 1.391264328079758172e+01 1.391128476212364973e+01 1.358518673932539731e-03 8.893462726469254093e-03 1.938224445574185384e-02 -5.560000000000000142e+01 3.900000000000000000e+01
2.244400000000000000e+04 1.357461421286266834e+01 1.357330264672036790e+01 1.311566142300119508e-03 8.903126806591636286e-03 1.864053515053243001e-02 -5.589999999999999858e+01 3.800000000000000000e+01
2.246100000000000000e+04 1.353889499537129915e+01 1.353758342922899871e+01 1.311566142300119508e-03 8.903126806591636286e-03 1.864053515053243001e-02 -5.589999999999999858e+01 3.789999999999999858e+01
2.278900000000000000e+04 1.284256876850645135e+01 1.284118593426798505e+01 1.382834238465961490e-03 9.052643141873527657e-03 1.938224445574185384e-02 -5.560000000000000142e+01 3.600000000000000000e+01
2.296800000000000000e+04 1.248015766800099691e+01 1.247875028715828272e+01 1.407380842713716477e-03 9.102859099752150587e-03 1.963551632855990020e-02 -5.550000000000000000e+01 3.500000000000000000e+01
2.315300000000000000e+04 1.211254330569730620e+01 1.211108560936424183e+01 1.457696333063600649e-03 9.203858418785855477e-03 2.015131670731840421e-02 -5.529999999999999716e+01 3.400000000000000000e+01
2.334300000000000000e+04 1.175096730422293234e+01 1.174948382656572576e+01 1.483477657206939016e-03 9.254642320516934598e-03 2.041391424907744445e-02 -5.520000000000000284e+01 3.300000000000000000e+01
2.353900000000000000e+04 1.138452967240637825e+01 1.138299335319734240e+01 1.536319209035616039e-03 9.356779950978021121e-03 2.094867926302907551e-02 -5.500000000000000000e+01 3.200000000000000000e+01
2.370000000000000000e+04 1.109489672573305619e+01 1.109333333333333371e+01 1.563392399722956594e-03 9.408134213178260055e-03 2.122091789336743098e-02 -5.489999999999999858e+01 3.119999999999999929e+01
2.374100000000000000e+04 1.102881113011896019e+01 1.102727481090992434e+01 1.536319209035616039e-03 9.356779950978021121e-03 2.094867926302907551e-02 -5.500000000000000000e+01 3.100000000000000000e+01
2.395000000000000000e+04 1.069747905554981315e+01 1.069607167470709896e+01 1.407380842713716477e-03 9.102859099752150587e-03 1.963551632855990020e-02 -5.550000000000000000e+01 3.000000000000000000e+01
2.416600000000000000e+04 1.038857316870081959e+01 1.038726055850449903e+01 1.312610196321010309e-03 9.583343725526844575e-03 1.723563399842506158e-02 -5.650000000000000000e+01 2.900000000000000000e+01
2.429900000000000000e+04 1.020186944652469307e+01 1.020060171256653447e+01 1.267733958158436544e-03 9.959080612300665394e-03 1.592973626000062856e-02 -5.710000000000000142e+01 2.839999999999999858e+01
2.439000000000000000e+04 1.003039177013170047e+01 1.002907915993537991e+01 1.312610196321010309e-03 9.583343725526844575e-03 1.723563399842506158e-02 -5.650000000000000000e+01 2.800000000000000000e+01
2.486500000000000000e+04 9.174527418065393292e+00 9.172993862241417773e+00 1.533555823975179351e-03 7.539134156735976915e-03 2.638257727903953187e-02 -5.320000000000000284e+01 2.600000000000000000e+01
2.491400000000000000e+04 9.091594413237174876e+00 9.090034052213395555e+00 1.560361023778878732e-03 7.404496781259452091e-03 2.740643503686905971e-02 -5.289999999999999858e+01 2.580000000000000071e+01
2.511800000000000000e+04 8.801797280789170230e+00 8.800181447040143823e+00 1.615833749026900946e-03 7.489568392771488343e-03 2.810937946086555436e-02 -5.270000000000000284e+01 2.500000000000000000e+01
2.532900000000000000e+04 8.512527432252086967e+00 8.510854294130977493e+00 1.673138121108712481e-03 7.575314510756035215e-03 2.882903846547358456e-02 -5.250000000000000000e+01 2.419999999999999929e+01
2.538200000000000000e+04 8.446016953689465367e+00 8.444343686238948266e+00 1.673267450516505812e-03 7.665270304831783149e-03 2.846709699683494521e-02 -5.260000000000000142e+01 2.400000000000000000e+01
2.565700000000000000e+04 8.105163377671788183e+00 8.103518728717366670e+00 1.644648954421428898e-03 7.804474543861029609e-03 2.740643503686905971e-02 -5.289999999999999858e+01 2.300000000000000000e+01
2.594500000000000000e+04 7.766911164957142510e+00 7.765294518990221384e+00 1.616645966920818907e-03 8.041990416002613162e-03 2.604926537201379330e-02 -5.329999999999999716e+01 2.200000000000000000e+01
2.624500000000000000e+04 7.427426441852822414e+00 7.425837320574162348e+00 1.589121278660225517e-03 8.288211923201132050e-03 2.475474941304245044e-02 -5.370000000000000284e+01 2.100000000000000000e+01
2.640100000000000000e+04 7.257206001314989052e+00 7.255644241733182120e+00 1.561759581807244546e-03 8.341123986682248692e-03 2.413014738704061940e-02 -5.389999999999999858e+01 2.050000000000000000e+01
2.656000000000000000e+04 7.060813348856287419e+00 7.059358653627474389e+00 1.454695228813313989e-03 7.236367966576805200e-03 2.604926537201379330e-02 -5.329999999999999716e+01 2.000000000000000000e+01
2.689100000000000000e+04 6.665541610174446241e+00 6.663954802259887344e+00 1.586807914558847898e-03 6.697821636552156108e-03 3.109198910225074303e-02 -5.189999999999999858e+01 1.900000000000000000e+01
2.692500000000000000e+04 6.624509223502593969e+00 6.622894558591103653e+00 1.614664911490141207e-03 6.658497870886700629e-03 3.188222922229766443e-02 -5.170000000000000284e+01 1.889999999999999858e+01
2.724100000000000000e+04 6.323524463989214084e+00 6.321792260692464360e+00 1.732203296749626475e-03 7.572103943124295841e-03 2.994066719316446426e-02 -5.220000000000000284e+01 1.800000000000000000e+01
2.727700000000000000e+04 6.291250102076484829e+00 6.289517772243604199e+00 1.732329832880544164e-03 7.661737393912029792e-03 2.956577703772103605e-02 -5.229999999999999716e+01 1.789999999999999858e+01
2.746100000000000000e+04 6.076878818296806095e+00 6.075320584926884315e+00 1.558233369921955495e-03 5.856698221053373114e-03 3.523338435189683066e-02 -5.089999999999999858e+01 1.739999999999999858e+01
2.761300000000000000e+04 5.931935140552309527e+00 5.930321420543942068e+00 1.613720008367095556e-03 5.926890281575804970e-03 3.612079368275392111e-02 -5.070000000000000284e+01 1.700000000000000000e+01
2.800800000000000000e+04 5.565793166798843394e+00 5.563970423481962690e+00 1.822743316881001840e-03 6.177241586079454914e-03 3.939271178700672060e-02 -5.000000000000000000e+01 1.600000000000000000e+01
2.821500000000000000e+04 5.384779517265046778e+00 5.382859700156634730e+00 1.919817108411635666e-03 6.286780523556302104e-03 4.087741693415231081e-02 -4.970000000000000284e+01 1.550000000000000000e+01
2.842900000000000000e+04 5.229697058554488187e+00 5.227936222771165653e+00 1.760835783322306199e-03 6.319962658578431522e-03 3.702890846414975956e-02 -5.050000000000000000e+01 1.500000000000000000e+01
2.887700000000000000e+04 4.916230665911203168e+00 4.914725175299706095e+00 1.505490611497148660e-03 6.504613981193906741e-03 3.031996739292018572e-02 -5.210000000000000142e+01 1.400000000000000000e+01
2.936000000000000000e+04 4.524607485577063493e+00 4.522752746021071246e+00 1.854739555992083967e-03 6.358110726431691860e-03 3.890903597771627059e-02 -5.010000000000000142e+01 1.300000000000000000e+01
2.946000000000000000e+04 4.447120085624859165e+00 4.445200268516447117e+00 1.919817108411635666e-03 6.286780523556302104e-03 4.087741693415231081e-02 -4.970000000000000284e+01 1.280000000000000071e+01
