5.200000000000000000e+01 3.248936943962474970e+02 2.721412678792159454e+02 5.275242651703155872e+01
6.900000000000000000e+01 3.320879166138939809e+02 2.712100158702169210e+02 6.087790074367704563e+01
9.400000000000000000e+01 3.304132973841608418e+02 2.688718218481500912e+02 6.154147553601072218e+01
1.280000000000000000e+02 3.298450616941006501e+02 2.674081596918228456e+02 6.243690200227777609e+01
1.800000000000000000e+02 3.280288657566273969e+02 2.660571428571428214e+02 6.197172289948454704e+01
2.310000000000000000e+02 3.262900323372537628e+02 2.647962085308056999e+02 6.149382380644807711e+01
3.880000000000000000e+02 3.214014782898407816e+02 2.609000881057268657e+02 6.050139018411393721e+01
4.240000000000000000e+02 3.200543697905924319e+02 2.599894198554047193e+02 6.006494993518771253e+01
4.850000000000000000e+02 3.137665642874410423e+02 2.584382835952674782e+02 5.532828069217354994e+01
5.030000000000000000e+02 3.064724602996103044e+02 2.578901642239095509e+02 4.858229607570076070e+01
5.830000000000000000e+02 3.015442584355416216e+02 2.559660237126172717e+02 4.557823472292433564e+01
6.460000000000000000e+02 2.994638659169539778e+02 2.545841461251995099e+02 4.487971979175444659e+01
7.720000000000000000e+02 2.957691500289295732e+02 2.516234205374621524e+02 4.414572949146744207e+01
7.900000000000000000e+02 2.941582226536957023e+02 2.512498664292074579e+02 4.290835622448822306e+01
8.170000000000000000e+02 2.884898052800311348e+02 2.504206589492430624e+02 3.806914633078805821e+01
9.360000000000000000e+02 2.846185597088339705e+02 2.477097408400356926e+02 3.690881886879827789e+01
1.102000000000000000e+03 2.795063703671917210e+02 2.440251572327044016e+02 3.548121313448731229e+01
1.339000000000000000e+03 2.721831918878316969e+02 2.388556943690023786e+02 3.332749751882931832e+01
1.464000000000000000e+03 2.688264252116313173e+02 2.360574232236961620e+02 3.276900198793514107e+01
1.827000000000000000e+03 2.565993462117864965e+02 2.273576268082768763e+02 2.924171940350959176e+01
1.888000000000000000e+03 2.547731765807112083e+02 2.259834953236750437e+02 2.878968125703616110e+01
1.928000000000000000e+03 2.529158776670915358e+02 2.245156564731734363e+02 2.840022119391808886e+01
2.133000000000000000e+03 2.475544970180454527e+02 2.196360963058261575e+02 2.791840071221930231e+01
2.144000000000000000e+03 2.471392652114794828e+02 2.194315131457988457e+02 2.770775206568063354e+01
2.269000000000000000e+03 2.430318170978113983e+02 2.165647926267280923e+02 2.646702447108330247e+01
2.396000000000000000e+03 2.385879136183318678e+02 2.136832378488264794e+02 2.490467576950538131e+01
2.493000000000000000e+03 2.354597265637596024e+02 2.114926865395297568e+02 2.396704002422983493e+01
2.711000000000000000e+03 2.282227834830443953e+02 2.063569173630454827e+02 2.186586611999890195e+01
2.811000000000000000e+03 2.249446079980912145e+02 2.040662079226334527e+02 2.087840007545775833e+01
2.844000000000000000e+03 2.239772637176088494e+02 2.034272947309625863e+02 2.054996898664627381e+01
2.889000000000000000e+03 2.225709895135575778e+02 2.024976700838769545e+02 2.007331942968063032e+01
2.991000000000000000e+03 2.194166777648152902e+02 2.004171182956457073e+02 1.899955946916959348e+01
3.059000000000000000e+03 2.174539288978231752e+02 1.990488672533233512e+02 1.840506164449983828e+01
3.163000000000000000e+03 2.140255937610788237e+02 1.968759617188966047e+02 1.714963204218220838e+01
3.350000000000000000e+03 2.083055182544584625e+02 1.930857681432610491e+02 1.521975011119742227e+01
3.386000000000000000e+03 2.075162975910320142e+02 1.924257407057935438e+02 1.509055688523846861e+01
3.493000000000000000e+03 2.052616043641172610e+02 1.904366597235372183e+02 1.482494464058004624e+01
3.517000000000000000e+03 2.046265354321098187e+02 1.899208183368062066e+02 1.470571709530360849e+01
3.760000000000000000e+03 1.978725921056155812e+02 1.849518370454978253e+02 1.292075506011776831e+01
3.847000000000000000e+03 1.959008975186419832e+02 1.833024232016790904e+02 1.259847431696289455e+01
3.872000000000000000e+03 1.953424220078858013e+02 1.828497231239259122e+02 1.249269888395987671e+01
4.111000000000000000e+03 1.891445432943524452e+02 1.783770901403036646e+02 1.076745315404878411e+01
4.214000000000000000e+03 1.865389597604461187e+02 1.764656003083445910e+02 1.007335945210153305e+01
4.240000000000000000e+03 1.857623555909659103e+02 1.759352226720647820e+02 9.827132918901124725e+00
4.318000000000000000e+03 1.834620945666382852e+02 1.743416328894035985e+02 9.120461677234681375e+00
4.344000000000000000e+03 1.829183179301816438e+02 1.738767626038246306e+02 9.041555326357014977e+00
4.436000000000000000e+03 1.809708629547109808e+02 1.723107924820771188e+02 8.660070472633869088e+00
4.463000000000000000e+03 1.791552079877942845e+02 1.714436061133681619e+02 7.711601874426119885e+00
4.476000000000000000e+03 1.787904328512563552e+02 1.711433546140452790e+02 7.647078237211064611e+00
4.556000000000000000e+03 1.769261810881149017e+02 1.694729912875120874e+02 7.453189800602809001e+00
4.665000000000000000e+03 1.733763999190542791e+02 1.671986049215268508e+02 6.177794997527438881e+00
4.816000000000000000e+03 1.701342122954655167e+02 1.645283018867924909e+02 5.605910408673024925e+00
4.899000000000000000e+03 1.687945103310662205e+02 1.630976798596217350e+02 5.696830471444485511e+00
4.997000000000000000e+03 1.673202600795202102e+02 1.614832779190299163e+02 5.836982160490299165e+00
5.011000000000000000e+03 1.669785081585154103e+02 1.612428096262962356e+02 5.735698532219163148e+00
5.082000000000000000e+03 1.651375204033297450e+02 1.599749167156574572e+02 5.162603687672288721e+00
5.298000000000000000e+03 1.599807718429931640e+02 1.562087847153831035e+02 3.771987127610072932e+00
5.371000000000000000e+03 1.587467849765655501e+02 1.550467917077986328e+02 3.699993268766926580e+00
5.460000000000000000e+03 1.573217054197639584e+02 1.536938007526242984e+02 3.627904667139670636e+00
5.475000000000000000e+03 1.570416434671872992e+02 1.534471963542698631e+02 3.594447112917424914e+00
5.549000000000000000e+03 1.557001843255286531e+02 1.523322074309556911e+02 3.367976894572968227e+00
5.759000000000000000e+03 1.523473459264220367e+02 1.490814488693216049e+02 3.265897057100436651e+00
5.866000000000000000e+03 1.503484140180552231e+02 1.472609829488465323e+02 3.087431069208692591e+00
5.958000000000000000e+03 1.487716249087273752e+02 1.457438166096923453e+02 3.027808299035021911e+00
6.068000000000000000e+03 1.469908650469390068e+02 1.440225943110752667e+02 2.968270735863748566e+00
6.099000000000000000e+03 1.462320970539004747e+02 1.436282077187310335e+02 2.603889335169447872e+00
6.178000000000000000e+03 1.449109431440837454e+02 1.424055094186753081e+02 2.505433725408438672e+00
6.226000000000000000e+03 1.441491233865840229e+02 1.416920267802799742e+02 2.457096606304060238e+00
6.322000000000000000e+03 1.424069415557068794e+02 1.402580907795644123e+02 2.148850776142457342e+00
6.420000000000000000e+03 1.406908111189894726e+02 1.388147845619767224e+02 1.876026557012745455e+00
6.551000000000000000e+03 1.388051443777156635e+02 1.369505438128463197e+02 1.854600564869340440e+00
6.667000000000000000e+03 1.368847382220724569e+02 1.352205973223480839e+02 1.664140899724361189e+00
6.684000000000000000e+03 1.366042197208907965e+02 1.349565217391304373e+02 1.647697981760357422e+00
6.701000000000000000e+03 1.362704309484483360e+02 1.347477830480511329e+02 1.522647900397211540e+00
6.835000000000000000e+03 1.342772938931302917e+02 1.328447668393782521e+02 1.432527053752042701e+00
7.060000000000000000e+03 1.310320816244193907e+02 1.297387669801462948e+02 1.293314644273100278e+00
7.184000000000000000e+03 1.293146713270138264e+02 1.281109010712035285e+02 1.203770255810305834e+00
7.273000000000000000e+03 1.278229486949660156e+02 1.268005895978100739e+02 1.022359097155940866e+00
7.345000000000000000e+03 1.267818481105936428e+02 1.258112729575680930e+02 9.705751530255508630e-01
7.454000000000000000e+03 1.252725569862694641e+02 1.243705745177019395e+02 9.019824685675280618e-01
7.696000000000000000e+03 1.215257500041623899e+02 1.208104073363190309e+02 7.153426678433519870e-01
7.715000000000000000e+03 1.213128217295596727e+02 1.205822838847385299e+02 7.305378448211389264e-01
7.753000000000000000e+03 1.209277833379830582e+02 1.201248663673294885e+02 8.029169706535753681e-01
7.791000000000000000e+03 1.203171672327357555e+02 1.195634496041087118e+02 7.537176286270429459e-01
7.829000000000000000e+03 1.196166701361855331e+02 1.190010708931248757e+02 6.155992430606632704e-01
7.886000000000000000e+03 1.190300521301157062e+02 1.183079235559373075e+02 7.221285741783958212e-01
7.964000000000000000e+03 1.178790996142015643e+02 1.172770721205597511e+02 6.020274936418107403e-01
8.003000000000000000e+03 1.173310225235042168e+02 1.167093298858004715e+02 6.216926377037419460e-01
8.022000000000000000e+03 1.171460672491150348e+02 1.165758687675372443e+02 5.701984815777919602e-01
8.160000000000000000e+03 1.152486763229389908e+02 1.147262085410795578e+02 5.224677818594315459e-01
8.180000000000000000e+03 1.150314530592550852e+02 1.145884907709011884e+02 4.429622883538947842e-01
8.240000000000000000e+03 1.142329100860579700e+02 1.137750706982814961e+02 4.578393877764782016e-01
8.300000000000000000e+03 1.134762516274391544e+02 1.130573609596510352e+02 4.188906677881152896e-01
8.340000000000000000e+03 1.129311932442177238e+02 1.124784981445099277e+02 4.526950997078009742e-01
8.381000000000000000e+03 1.123425262638332214e+02 1.119965012027115563e+02 3.460250611216708072e-01
8.442000000000000000e+03 1.115601178685877386e+02 1.111728368017524673e+02 3.872810668352738572e-01
8.483000000000000000e+03 1.109357675614457861e+02 1.105897829423371945e+02 3.459846191085853007e-01
8.524000000000000000e+03 1.104602582589576230e+02 1.101023500988359416e+02 3.579081601216860253e-01
8.545000000000000000e+03 1.097304474905330665e+02 1.095689541767156214e+02 1.614933138174390603e-01
8.587000000000000000e+03 1.087595523408632374e+02 1.086977456773911257e+02 6.180666347211536543e-02
8.692000000000000000e+03 1.069880475073483126e+02 1.069057511480428673e+02 8.229635930544006162e-02
8.735000000000000000e+03 1.061083569102506203e+02 1.060414756603361752e+02 6.688124991443970824e-02
8.778000000000000000e+03 1.054717286822213538e+02 1.054099148285651921e+02 6.181385365616703931e-02
8.975000000000000000e+03 1.025362653351298690e+02 1.024937677673299845e+02 4.249756779989004307e-02
9.020000000000000000e+03 1.020395197789043493e+02 1.019934282584885068e+02 4.609152041584901882e-02
9.177000000000000000e+03 9.991861585320803840e+01 9.987612563145179934e+01 4.249022175623641540e-02
9.200000000000000000e+03 9.958196479922864341e+01 9.953525148253898180e+01 4.671331668965976458e-02
9.292000000000000000e+03 9.832852460884048185e+01 9.825807869861507982e+01 7.044591022540117042e-02
9.385000000000000000e+03 9.712270008210315098e+01 9.706408280114511911e+01 5.861728095802891392e-02
9.432000000000000000e+03 9.636434075933934196e+01 9.629570957095710071e+01 6.863118838224763207e-02
9.575000000000000000e+03 9.367135101570967493e+01 9.362885245901640019e+01 4.249855669327209234e-02
9.600000000000000000e+03 9.320659362777426793e+01 9.316743069198865612e+01 3.916293578560847699e-02
1.008100000000000000e+04 8.622721364128720722e+01 8.620351486222607207e+01 2.369877906113676200e-02
1.024000000000000000e+04 8.472003571900850716e+01 8.469766426544423155e+01 2.237145356427762757e-02
1.026700000000000000e+04 8.445433564123651138e+01 8.443259777146603540e+01 2.173786977047740404e-02
1.045900000000000000e+04 8.182599948466574347e+01 8.180875626225223129e+01 1.724322241351513435e-02
1.068600000000000000e+04 7.880861987257900125e+01 7.879540030375352444e+01 1.321956882547725698e-02
1.088900000000000000e+04 7.664988691072532845e+01 7.663780726560800360e+01 1.207964511732720521e-02
1.125400000000000000e+04 7.291402867719742176e+01 7.290364867817348227e+01 1.037999902394583229e-02
1.160700000000000000e+04 6.948619196285818589e+01 6.947728768926926080e+01 8.904273588920380220e-03
1.174000000000000000e+04 6.824314731636198417e+01 6.823477687403824632e+01 8.370442323736074913e-03
1.228900000000000000e+04 6.325465366555523872e+01 6.324872646733112447e+01 5.927198224117145690e-03
1.273300000000000000e+04 5.947068981629293916e+01 5.946625083537536227e+01 4.438980917574155902e-03
1.292400000000000000e+04 5.802603161386614516e+01 5.802193866129393740e+01 4.092952572210184145e-03
1.320200000000000000e+04 5.599469287911332316e+01 5.599098083427283967e+01 3.712044840485256327e-03
1.332500000000000000e+04 5.511866665452970437e+01 5.511513232300384146e+01 3.534331525860869537e-03
1.349200000000000000e+04 5.332884731722558769e+01 5.332494947226589233e+01 3.897844959697739382e-03
1.357700000000000000e+04 5.275030591742320496e+01 5.274634256133243326e+01 3.963356090774539271e-03
1.362000000000000000e+04 5.247191323408432595e+01 5.246788370520622635e+01 4.029528878101182147e-03
1.388500000000000000e+04 5.069224585832005658e+01 5.068904513495123609e+01 3.200723368817633488e-03
1.393000000000000000e+04 5.038584307145742969e+01 5.038274687854710976e+01 3.096192910317163444e-03
1.406500000000000000e+04 4.939603897453287118e+01 4.939304387360763826e+01 2.995100925229996457e-03
1.439200000000000000e+04 4.711898645791831797e+01 4.711618351974435370e+01 2.802938173966147088e-03
1.499500000000000000e+04 4.318299588933883371e+01 4.318050126465853822e+01 2.494624680294329523e-03
1.515500000000000000e+04 4.218988612621504330e+01 4.218751439760423949e+01 2.371728610800821844e-03
1.548800000000000000e+04 4.021133185514899111e+01 4.020911404117510557e+01 2.217813973882621151e-03
1.583900000000000000e+04 3.821624301733441342e+01 3.821416957026713135e+01 2.073447067282502016e-03
1.614700000000000000e+04 3.654938468581504196e+01 3.654744695733270987e+01 1.937728482330036694e-03
1.621000000000000000e+04 3.622124229041081378e+01 3.621936989498249915e+01 1.872395428314802468e-03
1.636200000000000000e+04 3.528591559933892086e+01 3.528423014209177921e+01 1.685457247139601766e-03
1.686700000000000000e+04 3.272107410375130598e+01 3.271960646521433347e+01 1.467638536975166431e-03
1.715000000000000000e+04 3.136961770804046168e+01 3.136827262044653608e+01 1.345087593926197521e-03
1.752300000000000000e+04 2.965726153623771921e+01 2.965605095541401326e+01 1.210580823705864964e-03
1.779800000000000000e+04 2.846974736225946856e+01 2.846863905325444222e+01 1.108309005025476376e-03
1.807700000000000000e+04 2.701631114195087235e+01 2.701508104298801882e+01 1.230098962853261747e-03
1.843000000000000000e+04 2.564201629289751594e+01 2.564078357328298807e+01 1.232719614527818565e-03
1.852000000000000000e+04 2.528763378735322576e+01 2.528642266824085283e+01 1.211119112372786508e-03
1.889100000000000000e+04 2.385548750284043606e+01 2.385433908725467234e+01 1.148415585761998654e-03
1.907600000000000000e+04 2.318009055752573744e+01 2.317898224852071110e+01 1.108309005025476376e-03
1.918600000000000000e+04 2.270076063294201774e+01 2.269969332389714722e+01 1.067309044870544572e-03
1.933800000000000000e+04 2.205787494852316044e+01 2.205684754521963953e+01 1.027403303520603699e-03
1.939000000000000000e+04 2.187558695228167949e+01 2.187455954897815857e+01 1.027403303520603699e-03
1.960200000000000000e+04 2.116634169599589299e+01 2.116529508582177144e+01 1.046610174120909649e-03
1.971100000000000000e+04 2.081120914275428291e+01 2.081016231474947276e+01 1.046828004808752219e-03
1.993400000000000000e+04 2.009047985555682558e+01 2.008943280771946505e+01 1.047047837359817071e-03
2.048000000000000000e+04 1.844501897302502869e+01 1.844395189813723235e+01 1.067074887797824292e-03
2.053000000000000000e+04 1.828143562651385778e+01 1.828032979976443073e+01 1.105826749426091138e-03
2.065600000000000000e+04 1.788215014075574771e+01 1.788102515871149834e+01 1.124982044249700757e-03
2.078400000000000000e+04 1.749257461937220981e+01 1.749142991312514539e+01 1.144706247065920349e-03
2.091600000000000000e+04 1.709607900092352395e+01 1.709491445980782842e+01 1.164541115696357499e-03
2.100900000000000000e+04 1.681784771551318514e+01 1.681666276620641298e+01 1.184949306771904565e-03
2.118600000000000000e+04 1.638399399163809633e+01 1.638282899366643264e+01 1.164997971664203822e-03
2.191700000000000000e+04 1.469454096911439045e+01 1.469349112426035653e+01 1.049844854034392549e-03
2.209100000000000000e+04 1.431756032069796802e+01 1.431652833768081834e+01 1.031983017150071283e-03
2.223600000000000000e+04 1.396644013234498694e+01 1.396542742126450420e+01 1.012711080483182308e-03
2.240100000000000000e+04 1.357319871796251043e+01 1.357220515244623016e+01 9.935655162811494155e-04
2.274500000000000000e+04 1.279116122423910085e+01 1.279020485048269506e+01 9.563737564064082658e-04
2.279800000000000000e+04 1.267556196076613872e+01 1.267460578959755146e+01 9.561711685876884232e-04
2.310900000000000000e+04 1.214036447958531362e+01 1.213936951884332771e+01 9.949607419858412863e-04
2.316600000000000000e+04 1.204713857655113074e+01 1.204614289105150782e+01 9.956854996237250472e-04
2.330000000000000000e+04 1.173351790915784498e+01 1.173257736829671671e+01 9.405408611286068072e-04
2.337700000000000000e+04 1.155409074155830851e+01 1.155316843345111977e+01 9.223081071893944518e-04
2.370000000000000000e+04 1.097943236265741618e+01 1.097854279651025777e+01 8.895661471590702489e-04
2.391000000000000000e+04 1.062351673310474887e+01 1.062261033750294992e+01 9.063956017984693995e-04
2.412700000000000000e+04 1.026691199936824717e+01 1.026600519725962712e+01 9.068021086192554724e-04
2.458600000000000000e+04 9.551693609186679979e+00 9.550769230769232010e+00 9.243784174478663187e-04
2.483000000000000000e+04 9.158345819180022218e+00 9.157422704743922282e+00 9.231144360994201917e-04
2.508400000000000000e+04 8.767203171007185603e+00 8.766297952459401799e+00 9.052185477830683143e-04
2.562500000000000000e+04 7.987787092158700197e+00 7.986900584795321834e+00 8.865073633784759924e-04
2.574000000000000000e+04 7.831579780276373803e+00 7.830693763139453978e+00 8.860171369197086550e-04
2.591500000000000000e+04 7.631919648194456229e+00 7.630999765862795492e+00 9.198823316603405888e-04
2.622000000000000000e+04 7.299368806553503397e+00 7.298377615800611729e+00 9.911907528916367050e-04
2.653900000000000000e+04 6.947447632017673236e+00 6.946525323910483607e+00 9.223081071893944518e-04
2.680700000000000000e+04 6.617585774695823986e+00 6.616631529632232223e+00 9.542450635916601993e-04
nan nan nan nan
