1.170000000000000000e+02 3.720279841206763649e+02 2.587096988853768380e+02 1.133182852352995127e+02
1.380000000000000000e+02 3.707902688130846514e+02 2.592283280440955764e+02 1.115619407689890608e+02
1.650000000000000000e+02 3.674764367357131505e+02 2.587964542565646298e+02 1.086799824791485349e+02
8.190000000000000000e+02 3.457121912611804646e+02 2.453597675611007105e+02 1.003524237000797683e+02
1.026000000000000000e+03 3.366586598744393086e+02 2.411729478575116161e+02 9.548571201692770671e+01
1.055000000000000000e+03 3.312112367655179810e+02 2.405372825899776501e+02 9.067395417554034509e+01
1.084000000000000000e+03 3.223326110460509426e+02 2.394056749785038676e+02 8.292693606754706082e+01
1.141000000000000000e+03 3.139905229489409635e+02 2.378042992261392783e+02 7.618622372280167099e+01
1.238000000000000000e+03 3.088738108620386811e+02 2.357841007070184389e+02 7.308971015502022794e+01
1.483000000000000000e+03 2.874639786026815500e+02 2.302048171893952713e+02 5.725916141328630715e+01
1.523000000000000000e+03 2.757416371028736535e+02 2.291290937445850204e+02 4.661254335828865436e+01
1.543000000000000000e+03 2.814897940832724998e+02 2.287497832495231762e+02 5.274001083374929522e+01
1.553000000000000000e+03 2.812206766912141802e+02 2.284806658574648850e+02 5.274001083374929522e+01
1.603000000000000000e+03 2.758320337761508654e+02 2.272927294811730121e+02 4.853930429497785326e+01
1.633000000000000000e+03 2.717722113145057961e+02 2.264848169356238259e+02 4.528739437888197727e+01
1.775000000000000000e+03 2.604407536889478934e+02 2.233346093614059669e+02 3.710614432754189806e+01
1.960000000000000000e+03 2.566438090853685026e+02 2.190835805269586558e+02 3.756022855840981833e+01
2.065000000000000000e+03 2.573458194706384461e+02 2.171332516196813174e+02 4.021256785095711450e+01
2.075000000000000000e+03 2.562969096365059727e+02 2.169374671571203237e+02 3.935944247938564189e+01
2.118000000000000000e+03 2.524505522703009035e+02 2.160771523759424895e+02 3.637339989435842114e+01
2.288000000000000000e+03 2.479886018029455386e+02 2.127675770925110044e+02 3.522102471043454841e+01
2.341000000000000000e+03 2.462514297183284668e+02 2.115492858402398326e+02 3.470214387808864132e+01
2.439000000000000000e+03 2.529332271685590854e+02 2.098262254468235710e+02 4.310700172173550726e+01
2.450000000000000000e+03 2.514680053350955689e+02 2.095515837904795831e+02 4.191642154461598579e+01
2.504000000000000000e+03 2.449562535110917452e+02 2.083258367274659122e+02 3.663041678362584008e+01
2.647000000000000000e+03 2.412438809423410078e+02 2.054807179669450932e+02 3.576316297539592171e+01
2.714000000000000000e+03 2.395882760949055239e+02 2.041160348816515295e+02 3.547224121325398727e+01
2.748000000000000000e+03 2.387596589032344241e+02 2.032874176899804297e+02 3.547224121325398727e+01
2.872000000000000000e+03 2.338963833296862447e+02 2.009644579389176329e+02 3.293192539076861181e+01
2.951000000000000000e+03 2.355435921077836099e+02 1.994515840343655100e+02 3.609200807341810702e+01
3.136000000000000000e+03 2.293532088071324324e+02 1.961303330333033159e+02 3.322287577382911650e+01
3.159000000000000000e+03 2.298861331789239557e+02 1.957124842370744204e+02 3.417364894184952817e+01
3.300000000000000000e+03 2.278804347811105231e+02 1.930529741457241073e+02 3.482746063538642289e+01
3.418000000000000000e+03 2.223494022982358445e+02 1.909373979314099188e+02 3.141200436682592922e+01
3.430000000000000000e+03 2.214540918468140944e+02 1.907249954619713037e+02 3.072909638484278716e+01
3.454000000000000000e+03 2.194271176399273315e+02 1.902306155801706780e+02 2.919650205975665003e+01
3.490000000000000000e+03 2.144017362552596069e+02 1.893851461775921621e+02 2.501659007766745546e+01
3.660000000000000000e+03 2.117537155498058610e+02 1.862513222688309327e+02 2.550239328097491764e+01
3.684000000000000000e+03 2.113104389566019563e+02 1.858207702135426302e+02 2.548966874305932961e+01
3.932000000000000000e+03 2.055572409198310595e+02 1.812804407713498449e+02 2.427680014848120393e+01
4.033000000000000000e+03 2.030450556194100500e+02 1.795277214956713863e+02 2.351733412373866017e+01
4.045000000000000000e+03 2.025311495638924839e+02 1.793740092165898545e+02 2.315714034730264004e+01
4.122000000000000000e+03 1.932193158287965105e+02 1.776575115207373301e+02 1.556180430805917503e+01
4.148000000000000000e+03 1.914726692387748699e+02 1.770853456221198030e+02 1.438732361665508108e+01
4.173000000000000000e+03 1.911374157018040876e+02 1.766434237225604420e+02 1.449399197924364913e+01
4.225000000000000000e+03 1.905830890316338753e+02 1.757576205431368805e+02 1.482546848849698762e+01
4.342000000000000000e+03 1.886087721546628018e+02 1.738193955127016466e+02 1.478937664196116408e+01
4.381000000000000000e+03 1.903578282136631685e+02 1.730844312488402181e+02 1.727339696482295750e+01
4.394000000000000000e+03 1.900698341516850860e+02 1.727964371868621356e+02 1.727339696482295750e+01
4.527000000000000000e+03 1.838725446755363748e+02 1.706766076421248783e+02 1.319593703341149471e+01
4.593000000000000000e+03 1.851597406354136695e+02 1.694829195445211951e+02 1.567682109089247788e+01
4.620000000000000000e+03 1.845752908833906361e+02 1.691561039446625330e+02 1.541918693872809776e+01
4.647000000000000000e+03 1.838746198573251149e+02 1.687019644527595688e+02 1.517265540456553552e+01
4.688000000000000000e+03 1.828862405442666272e+02 1.679565624414903766e+02 1.492967810277624530e+01
4.728000000000000000e+03 1.813333669980330853e+02 1.672100430953719581e+02 1.412332390266112547e+01
4.797000000000000000e+03 1.764938982373038527e+02 1.660048789641583937e+02 1.048901927314545190e+01
4.865000000000000000e+03 1.733969025155313943e+02 1.647960909603458219e+02 8.600811555185561730e+00
4.921000000000000000e+03 1.721868345134396066e+02 1.638757763975155228e+02 8.311058115924074841e+00
4.948000000000000000e+03 1.700194531323525382e+02 1.632301034807149449e+02 6.789349651637601291e+00
4.976000000000000000e+03 1.681069201534370734e+02 1.625849163061877221e+02 5.522003847249362884e+00
5.018000000000000000e+03 1.677473092870730227e+02 1.618309806135893041e+02 5.916328673483717715e+00
5.089000000000000000e+03 1.658449067090990354e+02 1.606122525918944177e+02 5.232654117204625699e+00
5.217000000000000000e+03 1.610897644294743714e+02 1.580984719864176782e+02 2.991292443056703831e+00
5.289000000000000000e+03 1.603339702043086845e+02 1.568713395050066310e+02 3.462630699302065906e+00
5.361000000000000000e+03 1.588567751916076531e+02 1.555816152827690644e+02 3.275159908838590539e+00
5.568000000000000000e+03 1.548078900264633830e+02 1.519893717973049831e+02 2.818518229158403443e+00
5.598000000000000000e+03 1.541539486027297983e+02 1.515152896486229679e+02 2.638658954106832599e+00
5.795000000000000000e+03 1.500356480922130231e+02 1.483594733829422125e+02 1.676174709270816354e+00
5.810000000000000000e+03 1.499114654811992011e+02 1.480633466895630761e+02 1.848118791636131908e+00
5.872000000000000000e+03 1.489302660153767022e+02 1.470471824259789742e+02 1.883083589397731572e+00
5.918000000000000000e+03 1.482441362469528201e+02 1.463254924459743620e+02 1.918643800978454994e+00
5.965000000000000000e+03 1.498911620492133636e+02 1.455464114832535927e+02 4.344750565959776267e+00
5.981000000000000000e+03 1.489225506067150206e+02 1.453606588776096658e+02 3.561891729105347348e+00
6.013000000000000000e+03 1.487053250670367675e+02 1.448771324516005450e+02 3.828192615436217583e+00
6.076000000000000000e+03 1.475553333451076981e+02 1.437974295031651479e+02 3.757903841942538126e+00
6.092000000000000000e+03 1.484341001464651413e+02 1.436099059320407036e+02 4.824194214424434968e+00
6.514000000000000000e+03 1.415263261557267356e+02 1.376603773584905923e+02 3.865948797236156143e+00
6.580000000000000000e+03 1.403910956427342285e+02 1.366654977595947855e+02 3.725597883139442512e+00
6.597000000000000000e+03 1.408466582719873657e+02 1.364694872294794266e+02 4.377171042507935539e+00
6.834000000000000000e+03 1.365149792551987957e+02 1.330633706101628491e+02 3.451608645035958212e+00
7.007000000000000000e+03 1.340550970200555128e+02 1.307366344446636219e+02 3.318462575391881497e+00
7.095000000000000000e+03 1.324210349729755762e+02 1.296148822481694083e+02 2.806152724806154186e+00
7.290000000000000000e+03 1.293943856898370086e+02 1.269397014925373242e+02 2.454684197299695114e+00
7.399000000000000000e+03 1.273618201118930955e+02 1.254861249750449161e+02 1.875695136848178679e+00
7.490000000000000000e+03 1.260021482817732021e+02 1.242345407244346660e+02 1.767607557338529256e+00
7.637000000000000000e+03 1.239056852555786037e+02 1.223374220792278351e+02 1.568263176350774613e+00
7.675000000000000000e+03 1.233483350457185708e+02 1.218112296236667191e+02 1.537105422051845194e+00
7.787000000000000000e+03 1.211163378445935592e+02 1.201306188268494282e+02 9.857190177441380596e-01
7.825000000000000000e+03 1.205666436603501808e+02 1.196013717974581425e+02 9.652718628920384791e-01
7.940000000000000000e+03 1.186018147154914146e+02 1.180084934277047637e+02 5.933212877866490542e-01
7.998000000000000000e+03 1.178891361353690854e+02 1.172566335831476749e+02 6.325025522214101636e-01
8.253000000000000000e+03 1.146018824986941524e+02 1.140943434755972987e+02 5.075390230968480632e-01
8.333000000000000000e+03 1.132570159075495866e+02 1.130112497443239903e+02 2.457661632255984663e-01
8.393000000000000000e+03 1.124769379105040628e+02 1.122425732431878771e+02 2.343646673161900729e-01
9.172000000000000000e+03 1.036280405523059756e+02 1.034448428601560863e+02 1.831976921498940369e-01
9.530000000000000000e+03 9.988468927444087342e+01 9.963620800342393125e+01 2.484812710169414796e-01
9.622000000000000000e+03 9.889968663101141999e+01 9.864547992269702092e+01 2.542067083144033957e-01
9.645000000000000000e+03 9.856642487451583179e+01 9.831221816620143272e+01 2.542067083144033957e-01
9.691000000000000000e+03 9.788375166675119488e+01 9.772963679346658239e+01 1.541148732846150393e-01
9.737000000000000000e+03 9.738567365366152728e+01 9.722970936490851557e+01 1.559642887530149347e-01
9.902000000000000000e+03 9.571269088505117395e+01 9.554910036852373878e+01 1.635905165274316175e-01
1.011900000000000000e+04 9.350408013847881250e+01 9.333041766892631586e+01 1.736624695524955908e-01
1.016800000000000000e+04 9.297947937276225616e+01 9.281401971522454630e+01 1.654596575377045575e-01
1.039100000000000000e+04 9.063713621525621988e+01 9.046765290351069666e+01 1.694833117455205318e-01
1.054300000000000000e+04 8.926372963292202201e+01 8.904069379586391619e+01 2.230358370581068672e-01
1.069800000000000000e+04 8.759051284615527777e+01 8.743661971830985635e+01 1.538931278454150620e-01
1.072400000000000000e+04 8.731779615477672962e+01 8.716759901543969136e+01 1.501971393370417351e-01
1.075000000000000000e+04 8.704467933701280913e+01 8.689809630459127732e+01 1.465830324215268710e-01
1.096200000000000000e+04 8.501074848862093347e+01 8.487774011299434562e+01 1.330083756265823258e-01
1.106900000000000000e+04 8.388143687790443437e+01 8.377772737582218099e+01 1.037095020822503960e-01
1.117900000000000000e+04 8.277747522669231728e+01 8.266970179831550070e+01 1.077734283768159440e-01
1.123400000000000000e+04 8.220181313298905934e+01 8.211265678449258587e+01 8.915634849647655069e-02
1.128900000000000000e+04 8.163831601390339188e+01 8.155357550833905123e+01 8.474050556434083170e-02
1.134500000000000000e+04 8.099095477393058218e+01 8.091836268008232480e+01 7.259209384825977829e-02
1.143000000000000000e+04 7.932639077117464410e+01 7.927355278093077118e+01 5.283799024386719168e-02
1.166200000000000000e+04 7.720849619628229732e+01 7.715555555555555145e+01 5.294064072674761062e-02
1.190200000000000000e+04 7.505145773070719883e+01 7.499838150289018301e+01 5.307622781701499398e-02
1.202400000000000000e+04 7.387784552844752284e+01 7.383615688094684515e+01 4.168864750068396186e-02
1.218000000000000000e+04 7.186512569886455992e+01 7.183522332793334897e+01 2.990237093121745487e-02
1.221200000000000000e+04 7.157571297661985454e+01 7.154227472782025643e+01 3.343824879960349827e-02
1.230800000000000000e+04 7.054281512737051685e+01 7.052909807558543775e+01 1.371705178507367021e-02
1.250400000000000000e+04 6.806625597097310276e+01 6.805446572813292505e+01 1.179024284017546331e-02
1.257200000000000000e+04 6.706949206185193191e+01 6.705952654562169357e+01 9.965516230232535078e-03
1.277900000000000000e+04 6.412943793761664324e+01 6.412349602724177089e+01 5.941910374876883776e-03
1.299600000000000000e+04 6.179086867877594358e+01 6.178511648948201440e+01 5.752189293930748230e-03
1.325600000000000000e+04 5.965656495428619621e+01 5.965158062315215659e+01 4.984331134038851897e-03
1.344900000000000000e+04 5.812914027315270005e+01 5.812468600137017916e+01 4.454271782521157345e-03
1.381100000000000000e+04 5.536845388321380312e+01 5.536478711162256161e+01 3.666771591242902820e-03
1.397800000000000000e+04 5.369267396189899699e+01 5.368888888888888999e+01 3.785073010106417783e-03
1.402000000000000000e+04 5.328828869926091016e+01 5.328450446326390733e+01 3.784235996999945218e-03
1.441100000000000000e+04 5.043706177693344728e+01 5.043374049320119212e+01 3.321283732254144000e-03
1.482900000000000000e+04 4.756817505744965047e+01 4.756535871836545226e+01 2.816339084200641853e-03
1.517300000000000000e+04 4.531902243599017055e+01 4.531651483298295346e+01 2.507603007218623878e-03
1.522400000000000000e+04 4.499849151810301606e+01 4.499602525134440612e+01 2.466266758608301121e-03
1.527500000000000000e+04 4.463557874997255226e+01 4.463315407996259410e+01 2.424670009956766178e-03
1.548100000000000000e+04 4.318397313955835415e+01 4.318166939443536023e+01 2.303745122993658499e-03
1.558800000000000000e+04 4.245819174623265724e+01 4.245592705167173619e+01 2.264694560921871706e-03
1.575000000000000000e+04 4.136946472791819929e+01 4.136731353752630724e+01 2.151190391892965435e-03
1.591700000000000000e+04 4.028077849677084288e+01 4.027870002338087119e+01 2.078473389974664493e-03
1.603100000000000000e+04 3.955496571973591102e+01 3.955295768061726136e+01 2.008039118648674744e-03
1.644600000000000000e+04 3.701466926312016881e+01 3.701285948094459144e+01 1.809782175576790317e-03
1.657000000000000000e+04 3.628886497497556718e+01 3.628711713818096740e+01 1.747836794600162585e-03
1.682600000000000000e+04 3.477231145773148313e+01 3.477059509918319691e+01 1.716358548284489935e-03
1.695800000000000000e+04 3.400028747174845734e+01 3.399860172453973206e+01 1.685747208727618116e-03
1.709300000000000000e+04 3.324592265571819638e+01 3.324423748544820256e+01 1.685170269993574530e-03
1.730200000000000000e+04 3.210204992426743331e+01 3.210039507320474428e+01 1.654851062688535070e-03
1.737300000000000000e+04 3.172659682122869285e+01 3.172497096399535366e+01 1.625857233339065601e-03
1.744400000000000000e+04 3.135152111611298409e+01 3.134989551892268977e+01 1.625597190295573029e-03
1.781600000000000000e+04 2.945403719072164961e+01 2.945244156445267336e+01 1.595626268976839445e-03
1.795500000000000000e+04 2.878085063342229688e+01 2.877928323699422108e+01 1.567396428074609594e-03
1.829300000000000000e+04 2.737486702048241582e+01 2.737340450220468568e+01 1.462518277730870961e-03
1.854600000000000000e+04 2.636769033065335677e+01 2.636630207121247338e+01 1.388259440882262316e-03
1.881000000000000000e+04 2.535487650909046309e+01 2.535355892648775011e+01 1.317582602713058583e-03
1.887300000000000000e+04 2.512474773071108558e+01 2.512347582340574448e+01 1.271907305339588104e-03
1.913300000000000000e+04 2.388672540306602343e+01 2.388521175653783857e+01 1.513646528183560042e-03
1.927600000000000000e+04 2.336956732796487657e+01 2.336807968496641408e+01 1.487642998461419621e-03
1.937400000000000000e+04 2.302072309436096731e+01 2.301923522595597049e+01 1.487868404997598005e-03
1.967700000000000000e+04 2.197222139504728133e+01 2.197075887676955119e+01 1.462518277730870961e-03
1.988700000000000000e+04 2.128147477275140886e+01 2.128003718336044514e+01 1.437589390963719916e-03
2.021500000000000000e+04 2.022759258804223492e+01 2.022620432860135153e+01 1.388259440882262316e-03
2.053900000000000000e+04 1.925209921944843217e+01 1.925073443693168684e+01 1.364782516746373270e-03
2.093000000000000000e+04 1.791047913194431374e+01 1.790906992845603440e+01 1.409203488277982431e-03
2.126900000000000000e+04 1.694802156287830286e+01 1.694651002073254986e+01 1.511542145754387560e-03
2.248500000000000000e+04 1.412345035490972656e+01 1.412222480800558699e+01 1.225546904138816000e-03
2.266500000000000000e+04 1.368799397428558073e+01 1.368670225110234284e+01 1.291723183237300813e-03
2.283400000000000000e+04 1.329703176998635783e+01 1.329567029404954859e+01 1.361475936809323920e-03
2.324000000000000000e+04 1.239613373778468386e+01 1.239456846950517921e+01 1.565268279504388686e-03
2.407700000000000000e+04 1.096085077594981350e+01 1.095953542392566682e+01 1.315352024147396857e-03
2.416000000000000000e+04 1.079668137183284848e+01 1.079527011361001776e+01 1.411258222829950542e-03
2.545200000000000000e+04 8.657262976429146661e+00 8.655588436148418552e+00 1.674540280728786974e-03
2.611500000000000000e+04 7.816426986446859182e+00 7.814809751651857539e+00 1.617234795001300414e-03
2.614500000000000000e+04 7.777522344758315498e+00 7.775905260760646698e+00 1.617083997668415391e-03
2.644500000000000000e+04 7.387154697117820135e+00 7.385452073419442875e+00 1.702623698377431303e-03
2.650700000000000000e+04 7.310222255121538559e+00 7.308489925288657929e+00 1.732329832880544164e-03
2.676000000000000000e+04 7.054737379116120088e+00 7.052942513065213248e+00 1.794866050907264077e-03
2.698900000000000000e+04 6.832783270738963743e+00 6.830923603192702309e+00 1.859667546261072578e-03
2.743800000000000000e+04 6.332060629623488701e+00 6.330387491502380115e+00 1.673138121108712481e-03
2.765900000000000000e+04 6.033953101273580977e+00 6.031896359169086175e+00 2.056742104495243913e-03
2.821000000000000000e+04 5.517112933807069020e+00 5.514545858316678206e+00 2.567075490390533562e-03
2.833500000000000000e+04 5.406648144501558839e+00 5.403947660235085770e+00 2.700484266473113498e-03
2.863500000000000000e+04 5.174707944775715163e+00 5.172183959120196128e+00 2.523985655518713386e-03
2.904200000000000000e+04 4.877128884309436252e+00 4.874849632434840707e+00 2.279251874595277644e-03
