0.000000000000000000e+00 3.192851562500000000e+02 2.635978088378906250e+02 5.568733978271484375e+01
5.000000000000000000e+00 3.189935607910156250e+02 2.633166198730468750e+02 5.567693710327148438e+01
2.166666412353515625e+01 3.176940917968750000e+02 2.628306579589843750e+02 5.486341857910156250e+01
4.500000000000000000e+01 3.165545043945312500e+02 2.621400451660156250e+02 5.441447448730468750e+01
7.500000000000000000e+01 3.151912841796875000e+02 2.612463684082031250e+02 5.394490051269531250e+01
1.116666793823242188e+02 3.137029113769531250e+02 2.602657775878906250e+02 5.343713760375976562e+01
1.550000000000000000e+02 3.118204345703125000e+02 2.590843505859375000e+02 5.273607254028320312e+01
2.050000000000000000e+02 3.095184631347656250e+02 2.577042541503906250e+02 5.181420516967773438e+01
2.616666870117187500e+02 3.070442810058593750e+02 2.562416687011718750e+02 5.080260086059570312e+01
3.250000000000000000e+02 3.040802001953125000e+02 2.544710235595703125e+02 4.960916137695312500e+01
3.950000000000000000e+02 3.011098327636718750e+02 2.526225738525390625e+02 4.848725509643554688e+01
4.716668090820312500e+02 2.980234680175781250e+02 2.505859985351562500e+02 4.743747329711914062e+01
5.550000000000000000e+02 2.945241088867187500e+02 2.483647766113281250e+02 4.615932464599609375e+01
6.450000000000000000e+02 2.902727661132812500e+02 2.458536682128906250e+02 4.441909790039062500e+01
7.416668090820312500e+02 2.856668701171875000e+02 2.431702117919921875e+02 4.249667358398437500e+01
8.450000000000000000e+02 2.805753784179687500e+02 2.403209533691406250e+02 4.025442504882812500e+01
9.550000000000000000e+02 2.755083007812500000e+02 2.374162139892578125e+02 3.809208297729492188e+01
1.071666748046875000e+03 2.706439514160156250e+02 2.345634002685546875e+02 3.608054351806640625e+01
1.195000000000000000e+03 2.656404418945312500e+02 2.314465484619140625e+02 3.419388198852539062e+01
1.325000000000000000e+03 2.607153625488281250e+02 2.282818908691406250e+02 3.243346786499023438e+01
1.461666748046875000e+03 2.557993621826171875e+02 2.250703430175781250e+02 3.072901725769042969e+01
1.605000000000000000e+03 2.508861999511718750e+02 2.218145141601562500e+02 2.907168769836425781e+01
1.755000000000000000e+03 2.457233886718750000e+02 2.183153686523437500e+02 2.740801620483398438e+01
1.911666748046875000e+03 2.409491729736328125e+02 2.148792114257812500e+02 2.606995773315429688e+01
2.075000000000000000e+03 2.362055053710937500e+02 2.113084564208984375e+02 2.489704513549804688e+01
2.245000488281250000e+03 2.313279418945312500e+02 2.077052459716796875e+02 2.362269020080566406e+01
2.421666748046875000e+03 2.260968017578125000e+02 2.040709991455078125e+02 2.202581024169921875e+01
2.605000000000000000e+03 2.204927368164062500e+02 2.003137969970703125e+02 2.017893600463867188e+01
2.795000000000000000e+03 2.150205078125000000e+02 1.966232604980468750e+02 1.839725303649902344e+01
2.991666748046875000e+03 2.096984863281250000e+02 1.928142852783203125e+02 1.688420295715332031e+01
3.195000000000000000e+03 2.035407562255859375e+02 1.884486389160156250e+02 1.509211730957031250e+01
3.405000000000000000e+03 1.957065124511718750e+02 1.834862670898437500e+02 1.222024822235107422e+01
3.621666748046875000e+03 1.864118804931640625e+02 1.789164276123046875e+02 7.495456695556640625e+00
3.845000000000000000e+03 1.798080291748046875e+02 1.743761138916015625e+02 5.431920051574707031e+00
4.075000000000000000e+03 1.740456085205078125e+02 1.701891632080078125e+02 3.856444120407104492e+00
4.311667968750000000e+03 1.685048675537109375e+02 1.661686553955078125e+02 2.336215257644653320e+00
4.555000000000000000e+03 1.638278350830078125e+02 1.622259216308593750e+02 1.601907372474670410e+00
4.805000000000000000e+03 1.596724243164062500e+02 1.582028656005859375e+02 1.469559192657470703e+00
5.061667968750000000e+03 1.559003906250000000e+02 1.541809844970703125e+02 1.719399809837341309e+00
5.325000000000000000e+03 1.525426330566406250e+02 1.502368011474609375e+02 2.305829763412475586e+00
5.595000000000000000e+03 1.489706573486328125e+02 1.461440277099609375e+02 2.826629400253295898e+00
5.871667968750000000e+03 1.448384552001953125e+02 1.420604858398437500e+02 2.777976512908935547e+00
6.155007812500000000e+03 1.400369873046875000e+02 1.377042083740234375e+02 2.332786560058593750e+00
6.445147949218750000e+03 1.353692474365234375e+02 1.335104370117187500e+02 1.858805179595947266e+00
6.742492187500000000e+03 1.308408050537109375e+02 1.293173370361328125e+02 1.523474812507629395e+00
7.047815917968750000e+03 1.260509185791015625e+02 1.248419723510742188e+02 1.208948016166687012e+00
7.362359863281250000e+03 1.208090591430664062e+02 1.202179718017578125e+02 5.910856723785400391e-01
7.687919921875000000e+03 1.155186691284179688e+02 1.153057632446289062e+02 2.129045277833938599e-01
8.026928222656250000e+03 1.102485427856445312e+02 1.101615753173828125e+02 8.696893602609634399e-02
8.382580078125000000e+03 1.044541091918945312e+02 1.044325866699218750e+02 2.152112312614917755e-02
8.758916015625000000e+03 9.845468902587890625e+01 9.844403076171875000e+01 1.065748557448387146e-02
9.160944335937500000e+03 9.215928649902343750e+01 9.215063476562500000e+01 8.648973889648914337e-03
9.594759765625000000e+03 8.576685333251953125e+01 8.575916290283203125e+01 7.690611761063337326e-03
1.006766796875000000e+04 7.938070678710937500e+01 7.937358856201171875e+01 7.121913135051727295e-03
1.058830761718750000e+04 7.267367553710937500e+01 7.266746520996093750e+01 6.213509012013673782e-03
1.116679589843750000e+04 6.584796142578125000e+01 6.584314727783203125e+01 4.817720036953687668e-03
1.181486816406250000e+04 5.930321884155273438e+01 5.929861450195312500e+01 4.602755419909954071e-03
1.254602441406250000e+04 5.278027343750000000e+01 5.277537918090820312e+01 4.894434008747339249e-03
1.337567578125000000e+04 4.606904983520507812e+01 4.606454849243164062e+01 4.499684087932109833e-03
1.432132031250000000e+04 3.936624145507812500e+01 3.936211013793945312e+01 4.129998851567506790e-03
1.540270410156250000e+04 3.275968551635742188e+01 3.275621414184570312e+01 3.470484865829348564e-03
1.664198437500000000e+04 2.651346588134765625e+01 2.651062011718750000e+01 2.846417715772986412e-03
1.806390820312500000e+04 2.048416137695312500e+01 2.048195648193359375e+01 2.204264746978878975e-03
1.969602734375000000e+04 1.523371410369873047e+01 1.523206901550292969e+01 1.645038020797073841e-03
2.156885156250000000e+04 1.078161334991455078e+01 1.078045082092285156e+01 1.162227010354399681e-03
2.371606445312500000e+04 7.256878376007080078e+00 7.256098270416259766e+00 7.799888262525200844e-04
2.617471679687500000e+04 4.607485771179199219e+00 4.606994152069091797e+00 4.917823825962841511e-04
2.898546093750000000e+04 2.733963251113891602e+00 2.733676433563232422e+00 2.868261071853339672e-04
3.219273242187500000e+04 1.508164048194885254e+00 1.508011102676391602e+00 1.529134460724890232e-04
3.584500390625000000e+04 7.975417375564575195e-01 7.974620461463928223e-01 7.967923738760873675e-05
