2.241695523262023926e-01 3.127728881835937500e+02 2.688610839843750000e+02 4.391181564331054688e+01
2.291695624589920044e-01 3.116792907714843750e+02 2.679713745117187500e+02 4.370791625976562500e+01
2.458362132310867310e-01 3.113352661132812500e+02 2.673514099121093750e+02 4.398386764526367188e+01
2.691695690155029297e-01 3.103500671386718750e+02 2.665218505859375000e+02 4.382822036743164062e+01
2.991695702075958252e-01 3.091035461425781250e+02 2.654845581054687500e+02 4.361899948120117188e+01
3.358362317085266113e-01 3.076331176757812500e+02 2.642416992187500000e+02 4.339141845703125000e+01
3.791695535182952881e-01 3.058339538574218750e+02 2.627960510253906250e+02 4.303789520263671875e+01
4.291695654392242432e-01 3.032664794921875000e+02 2.611509094238281250e+02 4.211557769775390625e+01
4.858362376689910889e-01 2.997023010253906250e+02 2.591940612792968750e+02 4.050822830200195312e+01
5.491695404052734375e-01 2.957092285156250000e+02 2.570473022460937500e+02 3.866193771362304688e+01
6.191695332527160645e-01 2.917380676269531250e+02 2.549432678222656250e+02 3.679479598999023438e+01
6.958363652229309082e-01 2.879450378417968750e+02 2.526535797119140625e+02 3.529146957397460938e+01
7.791695594787597656e-01 2.835494079589843750e+02 2.500713806152343750e+02 3.347801589965820312e+01
8.691695332527160645e-01 2.791415405273437500e+02 2.474276580810546875e+02 3.171388816833496094e+01
9.658363461494445801e-01 2.751887512207031250e+02 2.447235412597656250e+02 3.046521568298339844e+01
1.069169521331787109e+00 2.717177429199218750e+02 2.420675964355468750e+02 2.965015411376953125e+01
1.179169535636901855e+00 2.682316894531250000e+02 2.393500671386718750e+02 2.888161277770996094e+01
1.295836329460144043e+00 2.641365051269531250e+02 2.363592529296875000e+02 2.777726173400878906e+01
1.419169545173645020e+00 2.597817993164062500e+02 2.332101745605468750e+02 2.657162475585937500e+01
1.549169540405273438e+00 2.550791778564453125e+02 2.299094848632812500e+02 2.516969871520996094e+01
1.685836315155029297e+00 2.497386627197265625e+02 2.264639434814453125e+02 2.327471733093261719e+01
1.829169511795043945e+00 2.452616882324218750e+02 2.228818054199218750e+02 2.237987709045410156e+01
1.979169607162475586e+00 2.424936370849609375e+02 2.190703125000000000e+02 2.342332839965820312e+01
2.135836362838745117e+00 2.385603637695312500e+02 2.150423278808593750e+02 2.351803779602050781e+01
2.299169540405273438e+00 2.323121032714843750e+02 2.111001586914062500e+02 2.121195220947265625e+01
2.469169855117797852e+00 2.258736724853515625e+02 2.072399139404296875e+02 1.863375282287597656e+01
2.645836353302001953e+00 2.196428527832031250e+02 2.033622436523437500e+02 1.628061485290527344e+01
2.829169511795043945e+00 2.132753601074218750e+02 1.992843475341796875e+02 1.399100685119628906e+01
3.019169330596923828e+00 2.055541839599609375e+02 1.949311981201171875e+02 1.062299060821533203e+01
3.215836524963378906e+00 1.973946990966796875e+02 1.905890502929687500e+02 6.805645942687988281e+00
3.419169425964355469e+00 1.908020629882812500e+02 1.862607116699218750e+02 4.541354179382324219e+00
3.629169464111328125e+00 1.857009582519531250e+02 1.820321655273437500e+02 3.668786525726318359e+00
3.845836400985717773e+00 1.806304321289062500e+02 1.777310943603515625e+02 2.899343729019165039e+00
4.069169521331787109e+00 1.754922485351562500e+02 1.734468536376953125e+02 2.045401573181152344e+00
4.299169540405273438e+00 1.706529083251953125e+02 1.693390350341796875e+02 1.313879609107971191e+00
4.535837173461914062e+00 1.663461456298828125e+02 1.653939666748046875e+02 9.521720409393310547e-01
4.779169559478759766e+00 1.625100097656250000e+02 1.615235137939453125e+02 9.864890575408935547e-01
5.029169559478759766e+00 1.589951934814453125e+02 1.577248382568359375e+02 1.270355224609375000e+00
5.285837173461914062e+00 1.551774444580078125e+02 1.536924743652343750e+02 1.484965443611145020e+00
5.549169540405273438e+00 1.505625000000000000e+02 1.493000793457031250e+02 1.262413859367370605e+00
5.819169521331787109e+00 1.455677185058593750e+02 1.443046264648437500e+02 1.263085246086120605e+00
6.095837593078613281e+00 1.414157409667968750e+02 1.396107177734375000e+02 1.805029630661010742e+00
6.379177093505859375e+00 1.377462310791015625e+02 1.349226989746093750e+02 2.823539495468139648e+00
6.669317245483398438e+00 1.342879943847656250e+02 1.305642547607421875e+02 3.723732471466064453e+00
6.966661453247070312e+00 1.300614013671875000e+02 1.263638992309570312e+02 3.697502851486206055e+00
7.271985530853271484e+00 1.252977142333984375e+02 1.221641693115234375e+02 3.133542776107788086e+00
7.586529254913330078e+00 1.200489578247070312e+02 1.178789749145507812e+02 2.169980287551879883e+00
7.912089347839355469e+00 1.152284393310546875e+02 1.137184829711914062e+02 1.509953498840332031e+00
8.251097679138183594e+00 1.106724548339843750e+02 1.095071182250976562e+02 1.165340065956115723e+00
8.606749534606933594e+00 1.060313110351562500e+02 1.050771484375000000e+02 9.541645050048828125e-01
8.983085632324218750e+00 1.013070755004882812e+02 1.005993347167968750e+02 7.077406048774719238e-01
9.385114669799804688e+00 9.623405456542968750e+01 9.573176574707031250e+01 5.022897720336914062e-01
9.818929672241210938e+00 9.110788726806640625e+01 9.078046417236328125e+01 3.274207711219787598e-01
1.029183769226074219e+01 8.397120666503906250e+01 8.380444335937500000e+01 1.667668074369430542e-01
1.081247711181640625e+01 7.591384124755859375e+01 7.587837982177734375e+01 3.546489402651786804e-02
1.139096546173095703e+01 6.797477722167968750e+01 6.796734619140625000e+01 7.432257756590843201e-03
1.203903770446777344e+01 6.112343215942382812e+01 6.111709594726562500e+01 6.336819380521774292e-03
1.277019405364990234e+01 5.393191528320312500e+01 5.392631530761718750e+01 5.600710865110158920e-03
1.359984588623046875e+01 4.690143203735351562e+01 4.689653396606445312e+01 4.898218903690576553e-03
1.454549026489257812e+01 4.019168853759765625e+01 4.018743133544921875e+01 4.255367442965507507e-03
1.562687397003173828e+01 3.333559036254882812e+01 3.333203125000000000e+01 3.558090887963771820e-03
1.686615371704101562e+01 2.683887672424316406e+01 2.683598518371582031e+01 2.891461830586194992e-03
1.828807830810546875e+01 2.084524345397949219e+01 2.084297561645507812e+01 2.266952069476246834e-03
1.992019653320312500e+01 1.541442108154296875e+01 1.541274356842041016e+01 1.677332096733152866e-03
2.179302215576171875e+01 1.085331439971923828e+01 1.085213851928710938e+01 1.175457844510674477e-03
2.394023513793945312e+01 7.298103809356689453e+00 7.297314643859863281e+00 7.890228298492729664e-04
2.639888763427734375e+01 4.602509021759033203e+00 4.602017402648925781e+00 4.915358149446547031e-04
2.920963096618652344e+01 2.745006084442138672e+00 2.744715929031372070e+00 2.901322732213884592e-04
3.241690063476562500e+01 1.498002290725708008e+00 1.497850656509399414e+00 1.516327902209013700e-04
3.606917190551757812e+01 7.860406041145324707e-01 7.859646677970886230e-01 7.593043119413778186e-05
