2.241695523262023926e-01 3.117880859375000000e+02 2.668761596679687500e+02 4.491191864013671875e+01
2.290403842926025391e-01 3.113347473144531250e+02 2.664710998535156250e+02 4.486365127563476562e+01
2.452767789363861084e-01 3.104101257324218750e+02 2.659759826660156250e+02 4.443413925170898438e+01
2.680084109306335449e-01 3.094884338378906250e+02 2.652726135253906250e+02 4.421583175659179688e+01
2.972359955310821533e-01 3.085375671386718750e+02 2.644798583984375000e+02 4.405771636962890625e+01
3.329604566097259521e-01 3.073724975585937500e+02 2.634805603027343750e+02 4.389194488525390625e+01
3.751828074455261230e-01 3.059819335937500000e+02 2.622762145996093750e+02 4.370572280883789062e+01
4.239043593406677246e-01 3.044895019531250000e+02 2.609855346679687500e+02 4.350397491455078125e+01
4.791266918182373047e-01 3.026914062500000000e+02 2.594930725097656250e+02 4.319832992553710938e+01
5.408512949943542480e-01 3.005376281738281250e+02 2.578012390136718750e+02 4.273638153076171875e+01
6.090803146362304688e-01 2.979944458007812500e+02 2.559138946533203125e+02 4.208053588867187500e+01
6.838157773017883301e-01 2.950128784179687500e+02 2.538341522216796875e+02 4.117873382568359375e+01
7.650596499443054199e-01 2.914407958984375000e+02 2.515665283203125000e+02 3.987427139282226562e+01
8.528146743774414062e-01 2.846089477539062500e+02 2.468949127197265625e+02 3.771405029296875000e+01
9.470838308334350586e-01 2.754434814453125000e+02 2.438746948242187500e+02 3.156879043579101562e+01
1.047869205474853516e+00 2.707313537597656250e+02 2.414514312744140625e+02 2.927991676330566406e+01
1.155174732208251953e+00 2.666596374511718750e+02 2.384261627197265625e+02 2.823347663879394531e+01
1.269003152847290039e+00 2.625869140625000000e+02 2.353511962890625000e+02 2.723573303222656250e+01
1.389358043670654297e+00 2.581381835937500000e+02 2.321231842041015625e+02 2.601499748229980469e+01
1.516243219375610352e+00 2.530034942626953125e+02 2.288518371582031250e+02 2.415165710449218750e+01
1.649662494659423828e+00 2.474036712646484375e+02 2.255387725830078125e+02 2.186490058898925781e+01
1.789619803428649902e+00 2.420035705566406250e+02 2.219843597412109375e+02 2.001921844482421875e+01
1.936119437217712402e+00 2.372738494873046875e+02 2.182010192871093750e+02 1.907283020019531250e+01
2.089165925979614258e+00 2.327484436035156250e+02 2.143961486816406250e+02 1.835229492187500000e+01
2.248764276504516602e+00 2.273416290283203125e+02 2.106676330566406250e+02 1.667400169372558594e+01
2.414919137954711914e+00 2.210007324218750000e+02 2.067283935546875000e+02 1.427233600616455078e+01
2.587634801864624023e+00 2.150312194824218750e+02 2.026833190917968750e+02 1.234789657592773438e+01
2.766917228698730469e+00 2.088813934326171875e+02 1.986319427490234375e+02 1.024944877624511719e+01
2.952772140502929688e+00 2.031020355224609375e+02 1.948426971435546875e+02 8.259340286254882812e+00
3.145204782485961914e+00 1.978960266113281250e+02 1.910341491699218750e+02 6.861879825592041016e+00
3.344221115112304688e+00 1.926115875244140625e+02 1.869478759765625000e+02 5.663704872131347656e+00
3.549827337265014648e+00 1.871131591796875000e+02 1.826053771972656250e+02 4.507778644561767578e+00
3.762029647827148438e+00 1.821799621582031250e+02 1.784461822509765625e+02 3.733781099319458008e+00
3.980834007263183594e+00 1.775463562011718750e+02 1.741290740966796875e+02 3.417286157608032227e+00
4.206247329711914062e+00 1.731456756591796875e+02 1.698296356201171875e+02 3.316044569015502930e+00
4.438278675079345703e+00 1.688067626953125000e+02 1.656279754638671875e+02 3.178786754608154297e+00
4.676929950714111328e+00 1.638482055664062500e+02 1.614410858154296875e+02 2.407114982604980469e+00
4.922213077545166016e+00 1.587140350341796875e+02 1.573445129394531250e+02 1.369527578353881836e+00
5.174134731292724609e+00 1.539859161376953125e+02 1.531102905273437500e+02 8.756279945373535156e-01
5.432699203491210938e+00 1.495410766601562500e+02 1.488257904052734375e+02 7.152841091156005859e-01
5.697918415069580078e+00 1.448684844970703125e+02 1.442168426513671875e+02 6.516408324241638184e-01
5.969799995422363281e+00 1.401631622314453125e+02 1.395303039550781250e+02 6.328508853912353516e-01
6.248355865478515625e+00 1.355925598144531250e+02 1.349141540527343750e+02 6.784068346023559570e-01
6.533721446990966797e+00 1.312565307617187500e+02 1.304908294677734375e+02 7.657061219215393066e-01
6.826302528381347656e+00 1.271264190673828125e+02 1.262326507568359375e+02 8.937680721282958984e-01
7.126872539520263672e+00 1.234542770385742188e+02 1.221040344238281250e+02 1.350241184234619141e+00
7.436664104461669922e+00 1.195736541748046875e+02 1.177046661376953125e+02 1.868986487388610840e+00
7.757460117340087891e+00 1.150637817382812500e+02 1.133835449218750000e+02 1.680238366127014160e+00
8.091675758361816406e+00 1.105156326293945312e+02 1.091421432495117188e+02 1.373489022254943848e+00
8.442482948303222656e+00 1.059063873291015625e+02 1.048562622070312500e+02 1.050125479698181152e+00
8.813898086547851562e+00 1.012212753295898438e+02 1.004573822021484375e+02 7.638946175575256348e-01
9.210903167724609375e+00 9.628742980957031250e+01 9.576536560058593750e+01 5.220642089843750000e-01
9.639567375183105469e+00 9.082961273193359375e+01 9.051905059814453125e+01 3.105651140213012695e-01
1.010717964172363281e+01 8.456896209716796875e+01 8.442594146728515625e+01 1.430168449878692627e-01
1.062237262725830078e+01 7.616753387451171875e+01 7.615017700195312500e+01 1.735867746174335480e-02
1.119528388977050781e+01 6.791217041015625000e+01 6.790476226806640625e+01 7.408821024000644684e-03
1.183769989013671875e+01 6.154110717773437500e+01 6.153456115722656250e+01 6.544535048305988312e-03
1.256322574615478516e+01 5.429356384277343750e+01 5.428698348999023438e+01 6.581082474440336227e-03
1.338745212554931641e+01 4.719976806640625000e+01 4.719470596313476562e+01 5.062388256192207336e-03
1.432816219329833984e+01 4.038412857055664062e+01 4.037982559204101562e+01 4.302942194044589996e-03
1.540553474426269531e+01 3.310673522949218750e+01 3.310321807861328125e+01 3.515335964038968086e-03
1.664236068725585938e+01 2.676649665832519531e+01 2.676361846923828125e+01 2.878614468500018120e-03
1.806390762329101562e+01 2.070083045959472656e+01 2.069863891601562500e+01 2.190710045397281647e-03
1.969602775573730469e+01 1.540865993499755859e+01 1.540698623657226562e+01 1.673739519901573658e-03
2.156885147094726562e+01 1.089858436584472656e+01 1.089740085601806641e+01 1.183840329758822918e-03
2.371606445312500000e+01 7.302202224731445312e+00 7.301412582397460938e+00 7.894658483564853668e-04
2.617471694946289062e+01 4.615438938140869141e+00 4.614944458007812500e+00 4.943494568578898907e-04
2.898546028137207031e+01 2.744148015975952148e+00 2.743857622146606445e+00 2.903747663367539644e-04
3.219273376464843750e+01 1.498679161071777344e+00 1.498526930809020996e+00 1.522030361229553819e-04
3.584500503540039062e+01 7.818756699562072754e-01 7.818003296852111816e-01 7.536682824138551950e-05
