0.000000000000000000e+00 3.123150634765625000e+02 2.682767028808593750e+02 4.403834533691406250e+01
5.000000000000000000e+00 3.116999206542968750e+02 2.677483215332031250e+02 4.395161056518554688e+01
2.166666412353515625e+01 3.105596923828125000e+02 2.671288452148437500e+02 4.343085479736328125e+01
4.500000000000000000e+01 3.095529174804687500e+02 2.664190673828125000e+02 4.313384246826171875e+01
7.500000000000000000e+01 3.083535461425781250e+02 2.653829956054687500e+02 4.297053909301757812e+01
1.116666793823242188e+02 3.074319458007812500e+02 2.643766174316406250e+02 4.305533981323242188e+01
1.550000000000000000e+02 3.063542175292968750e+02 2.631642456054687500e+02 4.318996429443359375e+01
2.050000000000000000e+02 3.048881835937500000e+02 2.617478332519531250e+02 4.314035415649414062e+01
2.616666870117187500e+02 3.027530212402343750e+02 2.601304321289062500e+02 4.262259674072265625e+01
3.250000000000000000e+02 2.990588073730468750e+02 2.579693908691406250e+02 4.108941268920898438e+01
3.950000000000000000e+02 2.938776855468750000e+02 2.553939971923828125e+02 3.848367691040039062e+01
4.716668090820312500e+02 2.890230712890625000e+02 2.528703613281250000e+02 3.615269470214843750e+01
5.550000000000000000e+02 2.849013671875000000e+02 2.505070648193359375e+02 3.439429092407226562e+01
6.450000000000000000e+02 2.814432983398437500e+02 2.480756072998046875e+02 3.336767578125000000e+01
7.416668090820312500e+02 2.778889160156250000e+02 2.454670867919921875e+02 3.242183685302734375e+01
8.450000000000000000e+02 2.738074035644531250e+02 2.425774536132812500e+02 3.122993659973144531e+01
9.550000000000000000e+02 2.690932312011718750e+02 2.395248718261718750e+02 2.956835365295410156e+01
1.071666748046875000e+03 2.643779602050781250e+02 2.364221496582031250e+02 2.795581626892089844e+01
1.195000000000000000e+03 2.600937805175781250e+02 2.332707977294921875e+02 2.682299423217773438e+01
1.325000000000000000e+03 2.556871337890625000e+02 2.298643798828125000e+02 2.582275199890136719e+01
1.461666748046875000e+03 2.504626007080078125e+02 2.264193572998046875e+02 2.404324531555175781e+01
1.605000000000000000e+03 2.439953460693359375e+02 2.227360382080078125e+02 2.125930213928222656e+01
1.755000000000000000e+03 2.391357574462890625e+02 2.190269622802734375e+02 2.010880088806152344e+01
1.911666748046875000e+03 2.355628509521484375e+02 2.151953735351562500e+02 2.036748313903808594e+01
2.075000000000000000e+03 2.315463256835937500e+02 2.112479248046875000e+02 2.029840469360351562e+01
2.245000488281250000e+03 2.257162475585937500e+02 2.073813629150390625e+02 1.833488082885742188e+01
2.421666748046875000e+03 2.197852783203125000e+02 2.035903778076171875e+02 1.619490242004394531e+01
2.605000000000000000e+03 2.138574523925781250e+02 1.996859741210937500e+02 1.417148303985595703e+01
2.795000000000000000e+03 2.074070434570312500e+02 1.956757202148437500e+02 1.173133087158203125e+01
2.991666748046875000e+03 2.008635101318359375e+02 1.915669860839843750e+02 9.296526908874511719e+00
3.195000000000000000e+03 1.938404846191406250e+02 1.871078033447265625e+02 6.732684135437011719e+00
3.405000000000000000e+03 1.876436157226562500e+02 1.826692199707031250e+02 4.974388122558593750e+00
3.621666748046875000e+03 1.821744689941406250e+02 1.782528839111328125e+02 3.921578168869018555e+00
3.845000000000000000e+03 1.768248596191406250e+02 1.737779693603515625e+02 3.046890735626220703e+00
4.075000000000000000e+03 1.718831481933593750e+02 1.695713806152343750e+02 2.311762332916259766e+00
4.311667968750000000e+03 1.670420532226562500e+02 1.654561767578125000e+02 1.585881829261779785e+00
4.555000000000000000e+03 1.624253845214843750e+02 1.614268035888671875e+02 9.985773563385009766e-01
4.805000000000000000e+03 1.580223083496093750e+02 1.572512817382812500e+02 7.710253596305847168e-01
5.061667968750000000e+03 1.538533935546875000e+02 1.531655120849609375e+02 6.878800988197326660e-01
5.325000000000000000e+03 1.495893859863281250e+02 1.489469757080078125e+02 6.424089074134826660e-01
5.595000000000000000e+03 1.451893615722656250e+02 1.445390014648437500e+02 6.503526568412780762e-01
5.871667968750000000e+03 1.407056884765625000e+02 1.399649047851562500e+02 7.407912015914916992e-01
6.155007812500000000e+03 1.361095581054687500e+02 1.351151885986328125e+02 9.943763613700866699e-01
6.445147949218750000e+03 1.318727111816406250e+02 1.303503112792968750e+02 1.522400379180908203e+00
6.742492187500000000e+03 1.283637237548828125e+02 1.259706726074218750e+02 2.393058538436889648e+00
7.047815917968750000e+03 1.246134948730468750e+02 1.218568115234375000e+02 2.756683111190795898e+00
7.362359863281250000e+03 1.201226119995117188e+02 1.177722625732421875e+02 2.350351095199584961e+00
7.687919921875000000e+03 1.155156936645507812e+02 1.136784667968750000e+02 1.837229728698730469e+00
8.026928222656250000e+03 1.108086624145507812e+02 1.094135055541992188e+02 1.395159482955932617e+00
8.382580078125000000e+03 1.061038436889648438e+02 1.050475692749023438e+02 1.056273579597473145e+00
8.758916015625000000e+03 1.012932357788085938e+02 1.005749893188476562e+02 7.182458639144897461e-01
9.160944335937500000e+03 9.624981689453125000e+01 9.576274871826171875e+01 4.870652854442596436e-01
9.594759765625000000e+03 9.085846710205078125e+01 9.051110839843750000e+01 3.473595678806304932e-01
1.006766796875000000e+04 8.482189178466796875e+01 8.464802551269531250e+01 1.738629639148712158e-01
1.058830761718750000e+04 7.626773071289062500e+01 7.623946380615234375e+01 2.826905436813831329e-02
1.116679589843750000e+04 6.761188507080078125e+01 6.760398101806640625e+01 7.901780307292938232e-03
1.181486816406250000e+04 6.144902038574218750e+01 6.144261932373046875e+01 6.399380974471569061e-03
1.254602441406250000e+04 5.409928131103515625e+01 5.409364700317382812e+01 5.633969325572252274e-03
1.337567578125000000e+04 4.715071105957031250e+01 4.714575958251953125e+01 4.952324554324150085e-03
1.432132031250000000e+04 4.026369094848632812e+01 4.025941467285156250e+01 4.275274928659200668e-03
1.540270410156250000e+04 3.318738555908203125e+01 3.318385696411132812e+01 3.530002664774656296e-03
1.664198437500000000e+04 2.682253646850585938e+01 2.681964683532714844e+01 2.889701863750815392e-03
1.806390820312500000e+04 2.068253898620605469e+01 2.068030738830566406e+01 2.230823505669832230e-03
1.969602734375000000e+04 1.547114849090576172e+01 1.546946144104003906e+01 1.687491429038345814e-03
2.156885156250000000e+04 1.088943290710449219e+01 1.088825035095214844e+01 1.182846142910420895e-03
2.371606445312500000e+04 7.300110816955566406e+00 7.299321174621582031e+00 7.897031609900295734e-04
2.617471679687500000e+04 4.602477550506591797e+00 4.601985931396484375e+00 4.918176564387977123e-04
2.898546093750000000e+04 2.747750520706176758e+00 2.747459411621093750e+00 2.910903131123632193e-04
3.219273242187500000e+04 1.495412468910217285e+00 1.495261073112487793e+00 1.514538744231685996e-04
3.584500390625000000e+04 7.822817564010620117e-01 7.822079658508300781e-01 7.378842565231025219e-05
