0.000000000000000000e+00 3.178748779296875000e+02 2.617091979980468750e+02 5.616568374633789062e+01
5.000000000000000000e+00 3.179143066406250000e+02 2.616606140136718750e+02 5.625368118286132812e+01
2.166666412353515625e+01 3.155103759765625000e+02 2.611801452636718750e+02 5.433022308349609375e+01
4.500000000000000000e+01 3.139660949707031250e+02 2.606112670898437500e+02 5.335481643676757812e+01
7.500000000000000000e+01 3.124944152832031250e+02 2.598408813476562500e+02 5.265353393554687500e+01
1.116666793823242188e+02 3.108890380859375000e+02 2.588696289062500000e+02 5.201942443847656250e+01
1.550000000000000000e+02 3.092456054687500000e+02 2.578130798339843750e+02 5.143252182006835938e+01
2.050000000000000000e+02 3.073395080566406250e+02 2.565579833984375000e+02 5.078151321411132812e+01
2.616666870117187500e+02 3.052467346191406250e+02 2.552194366455078125e+02 5.002730941772460938e+01
3.250000000000000000e+02 3.025779113769531250e+02 2.535733184814453125e+02 4.900458908081054688e+01
3.950000000000000000e+02 2.995987854003906250e+02 2.518473510742187500e+02 4.775144577026367188e+01
4.716668090820312500e+02 2.959135131835937500e+02 2.499318237304687500e+02 4.598169326782226562e+01
5.550000000000000000e+02 2.914561767578125000e+02 2.478299255371093750e+02 4.362624740600585938e+01
6.450000000000000000e+02 2.864596557617187500e+02 2.454364624023437500e+02 4.102318191528320312e+01
7.416668090820312500e+02 2.823508911132812500e+02 2.428681640625000000e+02 3.948271179199218750e+01
8.450000000000000000e+02 2.788515319824218750e+02 2.403441009521484375e+02 3.850742721557617188e+01
9.550000000000000000e+02 2.744111938476562500e+02 2.376497344970703125e+02 3.676145553588867188e+01
1.071666748046875000e+03 2.690527038574218750e+02 2.346835784912109375e+02 3.436912536621093750e+01
1.195000000000000000e+03 2.640530090332031250e+02 2.316644592285156250e+02 3.238853836059570312e+01
1.325000000000000000e+03 2.592162780761718750e+02 2.284914703369140625e+02 3.072482109069824219e+01
1.461666748046875000e+03 2.542290802001953125e+02 2.250682678222656250e+02 2.916081047058105469e+01
1.605000000000000000e+03 2.496647949218750000e+02 2.217088775634765625e+02 2.795592498779296875e+01
1.755000000000000000e+03 2.452054443359375000e+02 2.183092041015625000e+02 2.689623451232910156e+01
1.911666748046875000e+03 2.404498443603515625e+02 2.148709259033203125e+02 2.557891654968261719e+01
2.075000000000000000e+03 2.354522552490234375e+02 2.112971954345703125e+02 2.415505599975585938e+01
2.245000488281250000e+03 2.303755187988281250e+02 2.077863464355468750e+02 2.258916473388671875e+01
2.421666748046875000e+03 2.246617889404296875e+02 2.039562530517578125e+02 2.070554161071777344e+01
2.605000000000000000e+03 2.179226379394531250e+02 1.997346954345703125e+02 1.818794631958007812e+01
2.795000000000000000e+03 2.103757934570312500e+02 1.954238891601562500e+02 1.495190238952636719e+01
2.991666748046875000e+03 2.035785064697265625e+02 1.914766235351562500e+02 1.210187625885009766e+01
3.195000000000000000e+03 1.977324829101562500e+02 1.876921844482421875e+02 1.004029464721679688e+01
3.405000000000000000e+03 1.928508148193359375e+02 1.837133636474609375e+02 9.137451171875000000e+00
3.621666748046875000e+03 1.886165466308593750e+02 1.796389465332031250e+02 8.977602005004882812e+00
3.845000000000000000e+03 1.841014099121093750e+02 1.753936157226562500e+02 8.707788467407226562e+00
4.075000000000000000e+03 1.770186462402343750e+02 1.709099426269531250e+02 6.108708381652832031e+00
4.311667968750000000e+03 1.693276519775390625e+02 1.665310363769531250e+02 2.796611547470092773e+00
4.555000000000000000e+03 1.638334503173828125e+02 1.624875183105468750e+02 1.345936775207519531e+00
4.805000000000000000e+03 1.597451629638671875e+02 1.584447631835937500e+02 1.300403475761413574e+00
5.061667968750000000e+03 1.557964630126953125e+02 1.544793090820312500e+02 1.317153096199035645e+00
5.325000000000000000e+03 1.515586700439453125e+02 1.502868957519531250e+02 1.271777153015136719e+00
5.595000000000000000e+03 1.471508941650390625e+02 1.460351867675781250e+02 1.115705728530883789e+00
5.871667968750000000e+03 1.424627532958984375e+02 1.417333068847656250e+02 7.294418811798095703e-01
6.155007812500000000e+03 1.379326324462890625e+02 1.374575500488281250e+02 4.750776588916778564e-01
6.445147949218750000e+03 1.334971008300781250e+02 1.331317749023437500e+02 3.653331995010375977e-01
6.742492187500000000e+03 1.291078948974609375e+02 1.288193054199218750e+02 2.885879278182983398e-01
7.047815917968750000e+03 1.244949264526367188e+02 1.243050231933593750e+02 1.899070143699645996e-01
7.362359863281250000e+03 1.198044052124023438e+02 1.197123031616210938e+02 9.209994226694107056e-02
7.687919921875000000e+03 1.150636291503906250e+02 1.150162811279296875e+02 4.734916985034942627e-02
8.026928222656250000e+03 1.101562042236328125e+02 1.101263656616210938e+02 2.983521111309528351e-02
8.382580078125000000e+03 1.047450256347656250e+02 1.047315063476562500e+02 1.352240890264511108e-02
8.758916015625000000e+03 9.865569305419921875e+01 9.864699554443359375e+01 8.698221296072006226e-03
9.160944335937500000e+03 9.227344512939453125e+01 9.226683044433593750e+01 6.611004471778869629e-03
9.594759765625000000e+03 8.566841888427734375e+01 8.566335296630859375e+01 5.068759899586439133e-03
1.006766796875000000e+04 7.915405273437500000e+01 7.914985656738281250e+01 4.194222390651702881e-03
1.058830761718750000e+04 7.266197204589843750e+01 7.265826416015625000e+01 3.706241725012660027e-03
1.116679589843750000e+04 6.592922973632812500e+01 6.592519378662109375e+01 4.035351332277059555e-03
1.181486816406250000e+04 5.907245635986328125e+01 5.906751632690429688e+01 4.941298160701990128e-03
1.254602441406250000e+04 5.225130462646484375e+01 5.224607086181640625e+01 5.235051736235618591e-03
1.337567578125000000e+04 4.574888992309570312e+01 4.574482345581054688e+01 4.065231420099735260e-03
1.432132031250000000e+04 3.939288711547851562e+01 3.938874816894531250e+01 4.139866214245557785e-03
1.540270410156250000e+04 3.277115249633789062e+01 3.276767349243164062e+01 3.477698424831032753e-03
1.664198437500000000e+04 2.643197441101074219e+01 2.642914199829101562e+01 2.832717727869749069e-03
1.806390820312500000e+04 2.043022537231445312e+01 2.042803001403808594e+01 2.194615313783288002e-03
1.969602734375000000e+04 1.528584194183349609e+01 1.528418350219726562e+01 1.658443361520767212e-03
2.156885156250000000e+04 1.074814414978027344e+01 1.074698734283447266e+01 1.157264923676848412e-03
2.371606445312500000e+04 7.213111877441406250e+00 7.212340831756591797e+00 7.712355582043528557e-04
2.617471679687500000e+04 4.598659038543701172e+00 4.598169803619384766e+00 4.894225858151912689e-04
2.898546093750000000e+04 2.737707614898681641e+00 2.737420558929443359e+00 2.870554744731634855e-04
3.219273242187500000e+04 1.511963963508605957e+00 1.511810541152954102e+00 1.534676266601309180e-04
3.584500390625000000e+04 7.927471399307250977e-01 7.926702499389648438e-01 7.686613389523699880e-05
