0.000000000000000000e+00 3.199059448242187500e+02 2.623121337890625000e+02 5.759382247924804688e+01
5.000000000000000000e+00 3.197820434570312500e+02 2.621484069824218750e+02 5.763363647460937500e+01
2.166666412353515625e+01 3.173399963378906250e+02 2.617810058593750000e+02 5.555897903442382812e+01
4.500000000000000000e+01 3.156183471679687500e+02 2.612105407714843750e+02 5.440781402587890625e+01
7.500000000000000000e+01 3.138827209472656250e+02 2.604368896484375000e+02 5.344583892822265625e+01
1.116666793823242188e+02 3.120626831054687500e+02 2.594619445800781250e+02 5.260074996948242188e+01
1.550000000000000000e+02 3.101354980468750000e+02 2.584014892578125000e+02 5.173402404785156250e+01
2.050000000000000000e+02 3.080116577148437500e+02 2.570283813476562500e+02 5.098327636718750000e+01
2.616666870117187500e+02 3.057729797363281250e+02 2.554597320556640625e+02 5.031324768066406250e+01
3.250000000000000000e+02 3.030889587402343750e+02 2.538115844726562500e+02 4.927737045288085938e+01
3.950000000000000000e+02 2.993941040039062500e+02 2.519719390869140625e+02 4.742215728759765625e+01
4.716668090820312500e+02 2.956078186035156250e+02 2.499442443847656250e+02 4.566357803344726562e+01
5.550000000000000000e+02 2.924049987792968750e+02 2.479536590576171875e+02 4.445133209228515625e+01
6.450000000000000000e+02 2.887433776855468750e+02 2.456686096191406250e+02 4.307477569580078125e+01
7.416668090820312500e+02 2.850384521484375000e+02 2.433139648437500000e+02 4.172448730468750000e+01
8.450000000000000000e+02 2.808428649902343750e+02 2.406755218505859375e+02 4.016734695434570312e+01
9.550000000000000000e+02 2.762694702148437500e+02 2.378688354492187500e+02 3.840064620971679688e+01
1.071666748046875000e+03 2.715227050781250000e+02 2.348993682861328125e+02 3.662332916259765625e+01
1.195000000000000000e+03 2.672121582031250000e+02 2.318773651123046875e+02 3.533480453491210938e+01
1.325000000000000000e+03 2.631214904785156250e+02 2.287006988525390625e+02 3.442079925537109375e+01
1.461666748046875000e+03 2.585223999023437500e+02 2.253751373291015625e+02 3.314724731445312500e+01
1.605000000000000000e+03 2.531873016357421875e+02 2.219079895019531250e+02 3.127931022644042969e+01
1.755000000000000000e+03 2.473765716552734375e+02 2.183062438964843750e+02 2.907032203674316406e+01
1.911666748046875000e+03 2.416297912597656250e+02 2.147721710205078125e+02 2.685761451721191406e+01
2.075000000000000000e+03 2.359211120605468750e+02 2.111074523925781250e+02 2.481366539001464844e+01
2.245000488281250000e+03 2.302163543701171875e+02 2.075093078613281250e+02 2.270705032348632812e+01
2.421666748046875000e+03 2.243026733398437500e+02 2.036920318603515625e+02 2.061063575744628906e+01
2.605000000000000000e+03 2.186663665771484375e+02 1.999458160400390625e+02 1.872054481506347656e+01
2.795000000000000000e+03 2.132085876464843750e+02 1.961749877929687500e+02 1.703360557556152344e+01
2.991666748046875000e+03 2.074982299804687500e+02 1.922904510498046875e+02 1.520778560638427734e+01
3.195000000000000000e+03 2.016538848876953125e+02 1.882113800048828125e+02 1.344250106811523438e+01
3.405000000000000000e+03 1.961177825927734375e+02 1.840392913818359375e+02 1.207849407196044922e+01
3.621666748046875000e+03 1.901035461425781250e+02 1.794414215087890625e+02 1.066211700439453125e+01
3.845000000000000000e+03 1.814027557373046875e+02 1.747890472412109375e+02 6.613703727722167969e+00
4.075000000000000000e+03 1.731287231445312500e+02 1.704165039062500000e+02 2.712218761444091797e+00
4.311667968750000000e+03 1.675917053222656250e+02 1.663023529052734375e+02 1.289356946945190430e+00
4.555000000000000000e+03 1.636529388427734375e+02 1.623504180908203125e+02 1.302515149116516113e+00
4.805000000000000000e+03 1.599465484619140625e+02 1.583163146972656250e+02 1.630239844322204590e+00
5.061667968750000000e+03 1.562362060546875000e+02 1.543605957031250000e+02 1.875611186027526855e+00
5.325000000000000000e+03 1.524994049072265625e+02 1.502526092529296875e+02 2.246799230575561523e+00
5.595000000000000000e+03 1.487362976074218750e+02 1.461542053222656250e+02 2.582087039947509766e+00
5.871667968750000000e+03 1.444968566894531250e+02 1.419939575195312500e+02 2.502904176712036133e+00
6.155007812500000000e+03 1.396040496826171875e+02 1.378471832275390625e+02 1.756861925125122070e+00
6.445147949218750000e+03 1.341336975097656250e+02 1.333632354736328125e+02 7.704649567604064941e-01
6.742492187500000000e+03 1.291986999511718750e+02 1.288370361328125000e+02 3.616616129875183105e-01
7.047815917968750000e+03 1.246017913818359375e+02 1.243883743286132812e+02 2.134186774492263794e-01
7.362359863281250000e+03 1.200622024536132812e+02 1.198551635742187500e+02 2.070419639348983765e-01
7.687919921875000000e+03 1.151475982666015625e+02 1.150276565551757812e+02 1.199424862861633301e-01
8.026928222656250000e+03 1.100538101196289062e+02 1.100206985473632812e+02 3.311330080032348633e-02
8.382580078125000000e+03 1.044252243041992188e+02 1.044147796630859375e+02 1.044496241956949234e-02
8.758916015625000000e+03 9.848333740234375000e+01 9.847750091552734375e+01 5.839916411787271500e-03
9.160944335937500000e+03 9.212978363037109375e+01 9.212602233886718750e+01 3.761504543945193291e-03
9.594759765625000000e+03 8.555364227294921875e+01 8.555068206787109375e+01 2.959242323413491249e-03
1.006766796875000000e+04 7.915045928955078125e+01 7.914772033691406250e+01 2.737760310992598534e-03
1.058830761718750000e+04 7.270659637451171875e+01 7.270407867431640625e+01 2.519044559448957443e-03
1.116679589843750000e+04 6.597473144531250000e+01 6.597244262695312500e+01 2.285807393491268158e-03
1.181486816406250000e+04 5.936722946166992188e+01 5.936443328857421875e+01 2.795169362798333168e-03
1.254602441406250000e+04 5.271201705932617188e+01 5.270810699462890625e+01 3.910556901246309280e-03
1.337567578125000000e+04 4.603152084350585938e+01 4.602836227416992188e+01 3.158654086291790009e-03
1.432132031250000000e+04 3.936962509155273438e+01 3.936573410034179688e+01 3.889200976118445396e-03
1.540270410156250000e+04 3.276805496215820312e+01 3.276464462280273438e+01 3.409793600440025330e-03
1.664198437500000000e+04 2.626069831848144531e+01 2.625795745849609375e+01 2.740545198321342468e-03
1.806390820312500000e+04 2.043414688110351562e+01 2.043195343017578125e+01 2.193757798522710800e-03
1.969602734375000000e+04 1.525341892242431641e+01 1.525177001953125000e+01 1.649098936468362808e-03
2.156885156250000000e+04 1.080144882202148438e+01 1.080028152465820312e+01 1.167096430435776711e-03
2.371606445312500000e+04 7.245857715606689453e+00 7.245079517364501953e+00 7.783502805978059769e-04
2.617471679687500000e+04 4.582730770111083984e+00 4.582244396209716797e+00 4.863227077294141054e-04
2.898546093750000000e+04 2.739266872406005859e+00 2.738979578018188477e+00 2.873825142160058022e-04
3.219273242187500000e+04 1.514875292778015137e+00 1.514721155166625977e+00 1.541027013445273042e-04
3.584500390625000000e+04 7.957938313484191895e-01 7.957145571708679199e-01 7.924676901893690228e-05
