0.000000000000000000e+00 3.160921325683593750e+02 2.612283935546875000e+02 5.486374282836914062e+01
5.000000000000000000e+00 3.156437377929687500e+02 2.608380432128906250e+02 5.480569839477539062e+01
2.166666412353515625e+01 3.138954772949218750e+02 2.603600463867187500e+02 5.353542709350585938e+01
4.500000000000000000e+01 3.125649719238281250e+02 2.597948913574218750e+02 5.277008056640625000e+01
7.500000000000000000e+01 3.110934448242187500e+02 2.590295410156250000e+02 5.206389236450195312e+01
1.116666793823242188e+02 3.094290466308593750e+02 2.580646057128906250e+02 5.136443710327148438e+01
1.550000000000000000e+02 3.077259826660156250e+02 2.570143432617187500e+02 5.071162796020507812e+01
2.050000000000000000e+02 3.058113708496093750e+02 2.557672119140625000e+02 5.004416275024414062e+01
2.616666870117187500e+02 3.038102722167968750e+02 2.544365081787109375e+02 4.937376403808593750e+01
3.250000000000000000e+02 3.014743652343750000e+02 2.529117736816406250e+02 4.856259155273437500e+01
3.950000000000000000e+02 2.984959716796875000e+02 2.511948242187500000e+02 4.730113220214843750e+01
4.716668090820312500e+02 2.946151733398437500e+02 2.492894744873046875e+02 4.532570648193359375e+01
5.550000000000000000e+02 2.904154968261718750e+02 2.473078002929687500e+02 4.310769271850585938e+01
6.450000000000000000e+02 2.861577758789062500e+02 2.451424865722656250e+02 4.101527786254882812e+01
7.416668090820312500e+02 2.816215515136718750e+02 2.426881713867187500e+02 3.893337631225585938e+01
8.450000000000000000e+02 2.775358886718750000e+02 2.400612335205078125e+02 3.747465133666992188e+01
9.550000000000000000e+02 2.740493469238281250e+02 2.373725280761718750e+02 3.667681503295898438e+01
1.071666748046875000e+03 2.705163574218750000e+02 2.346238555908203125e+02 3.589251327514648438e+01
1.195000000000000000e+03 2.664826660156250000e+02 2.317119140625000000e+02 3.477074813842773438e+01
1.325000000000000000e+03 2.619588317871093750e+02 2.285379943847656250e+02 3.342082977294921875e+01
1.461666748046875000e+03 2.574183959960937500e+02 2.253171539306640625e+02 3.210124969482421875e+01
1.605000000000000000e+03 2.528978576660156250e+02 2.220513153076171875e+02 3.084654045104980469e+01
1.755000000000000000e+03 2.481783752441406250e+02 2.187411499023437500e+02 2.943722152709960938e+01
1.911666748046875000e+03 2.429943542480468750e+02 2.152890014648437500e+02 2.770535278320312500e+01
2.075000000000000000e+03 2.371841430664062500e+02 2.115077209472656250e+02 2.567641830444335938e+01
2.245000488281250000e+03 2.309045715332031250e+02 2.074175720214843750e+02 2.348699760437011719e+01
2.421666748046875000e+03 2.240884094238281250e+02 2.033210144042968750e+02 2.076740074157714844e+01
2.605000000000000000e+03 2.183236083984375000e+02 1.996794128417968750e+02 1.864419746398925781e+01
2.795000000000000000e+03 2.129059448242187500e+02 1.956452636718750000e+02 1.726068496704101562e+01
2.991666748046875000e+03 2.081981658935546875e+02 1.918706817626953125e+02 1.632748222351074219e+01
3.195000000000000000e+03 2.031797790527343750e+02 1.878093261718750000e+02 1.537045097351074219e+01
3.405000000000000000e+03 1.974654541015625000e+02 1.835680389404296875e+02 1.389741992950439453e+01
3.621666748046875000e+03 1.890873870849609375e+02 1.795007476806640625e+02 9.586635589599609375e+00
3.845000000000000000e+03 1.812273864746093750e+02 1.754277496337890625e+02 5.799643993377685547e+00
4.075000000000000000e+03 1.747999725341796875e+02 1.712690582275390625e+02 3.530907630920410156e+00
4.311667968750000000e+03 1.690850982666015625e+02 1.670331268310546875e+02 2.051971912384033203e+00
4.555000000000000000e+03 1.639095611572265625e+02 1.628075714111328125e+02 1.101995348930358887e+00
4.805000000000000000e+03 1.594696502685546875e+02 1.586717071533203125e+02 7.979409694671630859e-01
5.061667968750000000e+03 1.555710754394531250e+02 1.545420989990234375e+02 1.028980016708374023e+00
5.325000000000000000e+03 1.512755584716796875e+02 1.501962585449218750e+02 1.079305887222290039e+00
5.595000000000000000e+03 1.466196441650390625e+02 1.457312164306640625e+02 8.884218931198120117e-01
5.871667968750000000e+03 1.421403045654296875e+02 1.414465789794921875e+02 6.937291622161865234e-01
6.155007812500000000e+03 1.378317718505859375e+02 1.371885528564453125e+02 6.432221531867980957e-01
6.445147949218750000e+03 1.337118530273437500e+02 1.328810272216796875e+02 8.308239579200744629e-01
6.742492187500000000e+03 1.296992645263671875e+02 1.287195129394531250e+02 9.797532558441162109e-01
7.047815917968750000e+03 1.252188796997070312e+02 1.244737396240234375e+02 7.451411485671997070e-01
7.362359863281250000e+03 1.205665740966796875e+02 1.201241989135742188e+02 4.423766136169433594e-01
7.687919921875000000e+03 1.157260284423828125e+02 1.154584655761718750e+02 2.675641775131225586e-01
8.026928222656250000e+03 1.106264724731445312e+02 1.104704666137695312e+02 1.560071408748626709e-01
8.382580078125000000e+03 1.046145095825195312e+02 1.045858230590820312e+02 2.868995256721973419e-02
8.758916015625000000e+03 9.858017730712890625e+01 9.856926727294921875e+01 1.090866606682538986e-02
9.160944335937500000e+03 9.220822906494140625e+01 9.219879913330078125e+01 9.432082064449787140e-03
9.594759765625000000e+03 8.570323181152343750e+01 8.569448089599609375e+01 8.747251704335212708e-03
1.006766796875000000e+04 7.914160156250000000e+01 7.913353729248046875e+01 8.064143359661102295e-03
1.058830761718750000e+04 7.261199951171875000e+01 7.260474395751953125e+01 7.254858501255512238e-03
1.116679589843750000e+04 6.578078460693359375e+01 6.577436065673828125e+01 6.427548825740814209e-03
1.181486816406250000e+04 5.901376724243164062e+01 5.900775527954101562e+01 6.013215053826570511e-03
1.254602441406250000e+04 5.245174407958984375e+01 5.244636154174804688e+01 5.383280105888843536e-03
1.337567578125000000e+04 4.595061874389648438e+01 4.594584655761718750e+01 4.771871026605367661e-03
1.432132031250000000e+04 3.941253280639648438e+01 3.940838241577148438e+01 4.149030428379774094e-03
1.540270410156250000e+04 3.265744400024414062e+01 3.265398788452148438e+01 3.457666374742984772e-03
1.664198437500000000e+04 2.625671386718750000e+01 2.625391769409179688e+01 2.796044340357184410e-03
1.806390820312500000e+04 2.058926773071289062e+01 2.058703804016113281e+01 2.229901263490319252e-03
1.969602734375000000e+04 1.525933265686035156e+01 1.525767707824707031e+01 1.655566971749067307e-03
2.156885156250000000e+04 1.073446178436279297e+01 1.073330497741699219e+01 1.156467478722333908e-03
2.371606445312500000e+04 7.188883304595947266e+00 7.188116073608398438e+00 7.673091022297739983e-04
2.617471679687500000e+04 4.602121829986572266e+00 4.601630687713623047e+00 4.909253329969942570e-04
2.898546093750000000e+04 2.733079433441162109e+00 2.732792615890502930e+00 2.867333532776683569e-04
3.219273242187500000e+04 1.506907224655151367e+00 1.506754517555236816e+00 1.527019921923056245e-04
3.584500390625000000e+04 7.902081608772277832e-01 7.901317477226257324e-01 7.641476986464112997e-05
