0.000000000000000000e+00 3.146817321777343750e+02 2.690226745605468750e+02 4.565905380249023438e+01
5.000000000000000000e+00 3.143820495605468750e+02 2.687316894531250000e+02 4.565035629272460938e+01
2.166666412353515625e+01 3.132866821289062500e+02 2.682285766601562500e+02 4.505810165405273438e+01
4.500000000000000000e+01 3.122933349609375000e+02 2.675140380859375000e+02 4.477929687500000000e+01
7.500000000000000000e+01 3.110382385253906250e+02 2.665896301269531250e+02 4.444859695434570312e+01
1.116666793823242188e+02 3.096660766601562500e+02 2.655755004882812500e+02 4.409057998657226562e+01
1.550000000000000000e+02 3.079707946777343750e+02 2.643536071777343750e+02 4.361718368530273438e+01
2.050000000000000000e+02 3.059194641113281250e+02 2.629263610839843750e+02 4.299309158325195312e+01
2.616666870117187500e+02 3.034701538085937500e+02 2.612963562011718750e+02 4.217378616333007812e+01
3.250000000000000000e+02 3.006895141601562500e+02 2.595831909179687500e+02 4.110633087158203125e+01
3.950000000000000000e+02 2.975926513671875000e+02 2.576712341308593750e+02 3.992142105102539062e+01
4.716668090820312500e+02 2.930686645507812500e+02 2.546489257812500000e+02 3.841974639892578125e+01
5.550000000000000000e+02 2.877588500976562500e+02 2.512413177490234375e+02 3.651753234863281250e+01
6.450000000000000000e+02 2.828374633789062500e+02 2.485757293701171875e+02 3.426173019409179688e+01
7.416668090820312500e+02 2.783964233398437500e+02 2.458494415283203125e+02 3.254697799682617188e+01
8.450000000000000000e+02 2.740154724121093750e+02 2.429544982910156250e+02 3.106098175048828125e+01
9.550000000000000000e+02 2.696302185058593750e+02 2.401118621826171875e+02 2.951834678649902344e+01
1.071666748046875000e+03 2.652703552246093750e+02 2.372112731933593750e+02 2.805908203125000000e+01
1.195000000000000000e+03 2.607983398437500000e+02 2.341478576660156250e+02 2.665046691894531250e+01
1.325000000000000000e+03 2.559177703857421875e+02 2.308235778808593750e+02 2.509419250488281250e+01
1.461666748046875000e+03 2.501281127929687500e+02 2.271482391357421875e+02 2.297986984252929688e+01
1.605000000000000000e+03 2.444540100097656250e+02 2.234443817138671875e+02 2.100963592529296875e+01
1.755000000000000000e+03 2.398536376953125000e+02 2.199134826660156250e+02 1.994015121459960938e+01
1.911666748046875000e+03 2.358544006347656250e+02 2.163476562500000000e+02 1.950673675537109375e+01
2.075000000000000000e+03 2.322278594970703125e+02 2.127487335205078125e+02 1.947912788391113281e+01
2.245000488281250000e+03 2.286526184082031250e+02 2.089260406494140625e+02 1.972658348083496094e+01
2.421666748046875000e+03 2.246607971191406250e+02 2.048925170898437500e+02 1.976827239990234375e+01
2.605000000000000000e+03 2.184283142089843750e+02 2.006625976562500000e+02 1.776571846008300781e+01
2.795000000000000000e+03 2.097208099365234375e+02 1.964325866699218750e+02 1.328822994232177734e+01
2.991666748046875000e+03 2.023267822265625000e+02 1.922041473388671875e+02 1.012263107299804688e+01
3.195000000000000000e+03 1.957438201904296875e+02 1.879790344238281250e+02 7.764786243438720703e+00
3.405000000000000000e+03 1.892308349609375000e+02 1.840158538818359375e+02 5.214981079101562500e+00
3.621666748046875000e+03 1.836027526855468750e+02 1.797883911132812500e+02 3.814367294311523438e+00
3.845000000000000000e+03 1.794511718750000000e+02 1.753191070556640625e+02 4.132068157196044922e+00
4.075000000000000000e+03 1.751445770263671875e+02 1.708746643066406250e+02 4.269913196563720703e+00
4.311667968750000000e+03 1.705018920898437500e+02 1.667733917236328125e+02 3.728495359420776367e+00
4.555000000000000000e+03 1.658961486816406250e+02 1.625975952148437500e+02 3.298555374145507812e+00
4.805000000000000000e+03 1.612496337890625000e+02 1.583551788330078125e+02 2.894453763961791992e+00
5.061667968750000000e+03 1.563395690917968750e+02 1.539798583984375000e+02 2.359707832336425781e+00
5.325000000000000000e+03 1.514760437011718750e+02 1.497811889648437500e+02 1.694856524467468262e+00
5.595000000000000000e+03 1.466496582031250000e+02 1.455297241210937500e+02 1.119931459426879883e+00
5.871667968750000000e+03 1.419620666503906250e+02 1.411625976562500000e+02 7.994645833969116211e-01
6.155007812500000000e+03 1.375983123779296875e+02 1.368313598632812500e+02 7.669593691825866699e-01
6.445147949218750000e+03 1.331855468750000000e+02 1.325289916992187500e+02 6.565553545951843262e-01
6.742492187500000000e+03 1.283277435302734375e+02 1.279170684814453125e+02 4.106675088405609131e-01
7.047815917968750000e+03 1.234121780395507812e+02 1.231447296142578125e+02 2.674487531185150146e-01
7.362359863281250000e+03 1.185014343261718750e+02 1.182741012573242188e+02 2.273311167955398560e-01
7.687919921875000000e+03 1.135042343139648438e+02 1.132906417846679688e+02 2.135951370000839233e-01
8.026928222656250000e+03 1.088727340698242188e+02 1.086827850341796875e+02 1.899461597204208374e-01
8.382580078125000000e+03 1.041440582275390625e+02 1.040142288208007812e+02 1.298321038484573364e-01
8.758916015625000000e+03 9.906990814208984375e+01 9.901548004150390625e+01 5.442985892295837402e-02
9.160944335937500000e+03 9.377662658691406250e+01 9.376366424560546875e+01 1.296615041792392731e-02
9.594759765625000000e+03 8.818185424804687500e+01 8.817262268066406250e+01 9.231356903910636902e-03
1.006766796875000000e+04 8.178858184814453125e+01 8.178015899658203125e+01 8.422357030212879181e-03
1.058830761718750000e+04 7.485075378417968750e+01 7.484305572509765625e+01 7.699312642216682434e-03
1.116679589843750000e+04 6.774907684326171875e+01 6.774211883544921875e+01 6.957165896892547607e-03
1.181486816406250000e+04 6.049666595458984375e+01 6.049047088623046875e+01 6.195150315761566162e-03
1.254602441406250000e+04 5.385090637207031250e+01 5.384534072875976562e+01 5.567195825278759003e-03
1.337567578125000000e+04 4.725257873535156250e+01 4.724761962890625000e+01 4.957371391355991364e-03
1.432132031250000000e+04 4.052596664428710938e+01 4.052164840698242188e+01 4.318055231124162674e-03
1.540270410156250000e+04 3.348482513427734375e+01 3.348123931884765625e+01 3.586486214771866798e-03
1.664198437500000000e+04 2.684042549133300781e+01 2.683753585815429688e+01 2.889938885346055031e-03
1.806390820312500000e+04 2.087176704406738281e+01 2.086949539184570312e+01 2.271177247166633606e-03
1.969602734375000000e+04 1.533858776092529297e+01 1.533692932128906250e+01 1.658306689932942390e-03
2.156885156250000000e+04 1.091048240661621094e+01 1.090929698944091797e+01 1.185132772661745548e-03
2.371606445312500000e+04 7.346229553222656250e+00 7.345430850982666016e+00 7.989138830453157425e-04
2.617471679687500000e+04 4.622540950775146484e+00 4.622044086456298828e+00 4.968431894667446613e-04
2.898546093750000000e+04 2.729391098022460938e+00 2.729103326797485352e+00 2.878214581869542599e-04
3.219273242187500000e+04 1.508947491645812988e+00 1.508792757987976074e+00 1.547815918456763029e-04
3.584500390625000000e+04 7.823526263236999512e-01 7.822749018669128418e-01 7.769831427140161395e-05
