0.000000000000000000e+00 3.193281860351562500e+02 2.642613525390625000e+02 5.506681823730468750e+01
5.000000000000000000e+00 3.190352478027343750e+02 2.639787597656250000e+02 5.505649185180664062e+01
2.166666412353515625e+01 3.177452392578125000e+02 2.634898986816406250e+02 5.425534820556640625e+01
4.500000000000000000e+01 3.166239624023437500e+02 2.627962951660156250e+02 5.382767105102539062e+01
7.500000000000000000e+01 3.151926269531250000e+02 2.618981018066406250e+02 5.329452514648437500e+01
1.116666793823242188e+02 3.134260864257812500e+02 2.607975463867187500e+02 5.262852478027343750e+01
1.550000000000000000e+02 3.113818969726562500e+02 2.596115722656250000e+02 5.177031326293945312e+01
2.050000000000000000e+02 3.085358886718750000e+02 2.581112976074218750e+02 5.042457580566406250e+01
2.616666870117187500e+02 3.051012573242187500e+02 2.565302734375000000e+02 4.857099151611328125e+01
3.250000000000000000e+02 3.017826538085937500e+02 2.546426696777343750e+02 4.713996887207031250e+01
3.950000000000000000e+02 2.991805114746093750e+02 2.527915954589843750e+02 4.638891983032226562e+01
4.716668090820312500e+02 2.965139465332031250e+02 2.507519836425781250e+02 4.576197433471679688e+01
5.550000000000000000e+02 2.936079406738281250e+02 2.485283203125000000e+02 4.507963180541992188e+01
6.450000000000000000e+02 2.901462097167968750e+02 2.460142517089843750e+02 4.413196182250976562e+01
7.416668090820312500e+02 2.864434509277343750e+02 2.435451812744140625e+02 4.289826202392578125e+01
8.450000000000000000e+02 2.822874450683593750e+02 2.409022521972656250e+02 4.138518524169921875e+01
9.550000000000000000e+02 2.776107482910156250e+02 2.379850158691406250e+02 3.962572479248046875e+01
1.071666748046875000e+03 2.718530578613281250e+02 2.349082336425781250e+02 3.694483566284179688e+01
1.195000000000000000e+03 2.659341430664062500e+02 2.318869323730468750e+02 3.404722595214843750e+01
1.325000000000000000e+03 2.607266540527343750e+02 2.288138732910156250e+02 3.191278266906738281e+01
1.461666748046875000e+03 2.559876403808593750e+02 2.255878601074218750e+02 3.039978218078613281e+01
1.605000000000000000e+03 2.514655456542968750e+02 2.223168945312500000e+02 2.914865112304687500e+01
1.755000000000000000e+03 2.465991516113281250e+02 2.189018249511718750e+02 2.769732475280761719e+01
1.911666748046875000e+03 2.413872833251953125e+02 2.153489379882812500e+02 2.603834724426269531e+01
2.075000000000000000e+03 2.357146453857421875e+02 2.116652984619140625e+02 2.404935073852539062e+01
2.245000488281250000e+03 2.297761383056640625e+02 2.079535827636718750e+02 2.182254981994628906e+01
2.421666748046875000e+03 2.244837341308593750e+02 2.043082733154296875e+02 2.017545509338378906e+01
2.605000000000000000e+03 2.190080718994140625e+02 2.005393676757812500e+02 1.846870613098144531e+01
2.795000000000000000e+03 2.128245697021484375e+02 1.964713592529296875e+02 1.635320663452148438e+01
2.991666748046875000e+03 2.062291412353515625e+02 1.923040313720703125e+02 1.392511272430419922e+01
3.195000000000000000e+03 1.991263122558593750e+02 1.878701171875000000e+02 1.125618743896484375e+01
3.405000000000000000e+03 1.918401641845703125e+02 1.831925048828125000e+02 8.647659301757812500e+00
3.621666748046875000e+03 1.845530242919921875e+02 1.784666595458984375e+02 6.086360931396484375e+00
3.845000000000000000e+03 1.779837493896484375e+02 1.741123046875000000e+02 3.871445417404174805e+00
4.075000000000000000e+03 1.731679992675781250e+02 1.700185241699218750e+02 3.149467706680297852e+00
4.311667968750000000e+03 1.690372924804687500e+02 1.660077667236328125e+02 3.029532432556152344e+00
4.555000000000000000e+03 1.652206420898437500e+02 1.619959869384765625e+02 3.224651336669921875e+00
4.805000000000000000e+03 1.613625640869140625e+02 1.580615997314453125e+02 3.300965309143066406e+00
5.061667968750000000e+03 1.574110870361328125e+02 1.541232910156250000e+02 3.287789583206176758e+00
5.325000000000000000e+03 1.534618988037109375e+02 1.501074066162109375e+02 3.354488372802734375e+00
5.595000000000000000e+03 1.492619781494140625e+02 1.459485473632812500e+02 3.313427209854125977e+00
5.871667968750000000e+03 1.445977630615234375e+02 1.417330932617187500e+02 2.864675521850585938e+00
6.155007812500000000e+03 1.398131866455078125e+02 1.375377197265625000e+02 2.275469064712524414e+00
6.445147949218750000e+03 1.350333709716796875e+02 1.332175445556640625e+02 1.815821290016174316e+00
6.742492187500000000e+03 1.306504821777343750e+02 1.291781768798828125e+02 1.472306132316589355e+00
7.047815917968750000e+03 1.257716979980468750e+02 1.246491241455078125e+02 1.122571587562561035e+00
7.362359863281250000e+03 1.205832901000976562e+02 1.197244491577148438e+02 8.588400483131408691e-01
7.687919921875000000e+03 1.150832824707031250e+02 1.147938385009765625e+02 2.894476950168609619e-01
8.026928222656250000e+03 1.097726364135742188e+02 1.097575225830078125e+02 1.511115208268165588e-02
8.382580078125000000e+03 1.044730377197265625e+02 1.044681396484375000e+02 4.897108767181634903e-03
8.758916015625000000e+03 9.854766845703125000e+01 9.853781127929687500e+01 9.857070632278919220e-03
9.160944335937500000e+03 9.220230865478515625e+01 9.219291687011718750e+01 9.394966065883636475e-03
9.594759765625000000e+03 8.595151519775390625e+01 8.594274902343750000e+01 8.762884885072708130e-03
1.006766796875000000e+04 7.950494384765625000e+01 7.949684143066406250e+01 8.105648681521415710e-03
1.058830761718750000e+04 7.278762817382812500e+01 7.278022003173828125e+01 7.408509962260723114e-03
1.116679589843750000e+04 6.612467956542968750e+01 6.611794281005859375e+01 6.737782619893550873e-03
1.181486816406250000e+04 5.965825653076171875e+01 5.965213394165039062e+01 6.122906226664781570e-03
1.254602441406250000e+04 5.298031997680664062e+01 5.297484207153320312e+01 5.477192811667919159e-03
1.337567578125000000e+04 4.624581146240234375e+01 4.624098587036132812e+01 4.824279341846704483e-03
1.432132031250000000e+04 3.951091003417968750e+01 3.950674438476562500e+01 4.164145793765783310e-03
1.540270410156250000e+04 3.266405487060546875e+01 3.266059875488281250e+01 3.454395802691578865e-03
1.664198437500000000e+04 2.630915832519531250e+01 2.630635452270507812e+01 2.803249284625053406e-03
1.806390820312500000e+04 2.052128410339355469e+01 2.051907348632812500e+01 2.210841979831457138e-03
1.969602734375000000e+04 1.528657341003417969e+01 1.528491687774658203e+01 1.656571635976433754e-03
2.156885156250000000e+04 1.077344036102294922e+01 1.077227878570556641e+01 1.161345862783491611e-03
2.371606445312500000e+04 7.233962059020996094e+00 7.233186721801757812e+00 7.752644596621394157e-04
2.617471679687500000e+04 4.605745792388916016e+00 4.605254650115966797e+00 4.910276620648801327e-04
2.898546093750000000e+04 2.752575397491455078e+00 2.752284526824951172e+00 2.909323084168136120e-04
3.219273242187500000e+04 1.496570706367492676e+00 1.496419906616210938e+00 1.507425331510603428e-04
3.584500390625000000e+04 8.005676865577697754e-01 8.004874587059020996e-01 8.024261478567495942e-05
