0.000000000000000000e+00 3.192992553710937500e+02 2.650761108398437500e+02 5.422315979003906250e+01
5.000000000000000000e+00 3.188397827148437500e+02 2.646747436523437500e+02 5.416502380371093750e+01
2.166666412353515625e+01 3.178350219726562500e+02 2.640664978027343750e+02 5.376853179931640625e+01
4.500000000000000000e+01 3.167443237304687500e+02 2.633694458007812500e+02 5.337487411499023438e+01
7.500000000000000000e+01 3.151780700683593750e+02 2.623509826660156250e+02 5.282707595825195312e+01
1.116666793823242188e+02 3.134921264648437500e+02 2.612464599609375000e+02 5.224566268920898438e+01
1.550000000000000000e+02 3.116451721191406250e+02 2.600562133789062500e+02 5.158896636962890625e+01
2.050000000000000000e+02 3.093129882812500000e+02 2.585509033203125000e+02 5.076209259033203125e+01
2.616666870117187500e+02 3.068415527343750000e+02 2.569645385742187500e+02 4.987702178955078125e+01
3.250000000000000000e+02 3.040783691406250000e+02 2.551835479736328125e+02 4.889481353759765625e+01
3.950000000000000000e+02 3.010051879882812500e+02 2.532116699218750000e+02 4.779352569580078125e+01
4.716668090820312500e+02 2.977908935546875000e+02 2.511646575927734375e+02 4.662623596191406250e+01
5.550000000000000000e+02 2.942479858398437500e+02 2.489325103759765625e+02 4.531547927856445312e+01
6.450000000000000000e+02 2.901662597656250000e+02 2.462990417480468750e+02 4.386720657348632812e+01
7.416668090820312500e+02 2.860785522460937500e+02 2.433881530761718750e+02 4.269038391113281250e+01
8.450000000000000000e+02 2.826839904785156250e+02 2.405331420898437500e+02 4.215083694458007812e+01
9.550000000000000000e+02 2.788381347656250000e+02 2.377300415039062500e+02 4.110808944702148438e+01
1.071666748046875000e+03 2.739798889160156250e+02 2.349754638671875000e+02 3.900443267822265625e+01
1.195000000000000000e+03 2.686563720703125000e+02 2.319519195556640625e+02 3.670443725585937500e+01
1.325000000000000000e+03 2.628616333007812500e+02 2.286704864501953125e+02 3.419114303588867188e+01
1.461666748046875000e+03 2.572590942382812500e+02 2.254490203857421875e+02 3.181007385253906250e+01
1.605000000000000000e+03 2.517203979492187500e+02 2.218796539306640625e+02 2.984073638916015625e+01
1.755000000000000000e+03 2.459623260498046875e+02 2.183780670166015625e+02 2.758426284790039062e+01
1.911666748046875000e+03 2.408923492431640625e+02 2.148421020507812500e+02 2.605024337768554688e+01
2.075000000000000000e+03 2.367798004150390625e+02 2.114657287597656250e+02 2.531406974792480469e+01
2.245000488281250000e+03 2.316450347900390625e+02 2.077620391845703125e+02 2.388299369812011719e+01
2.421666748046875000e+03 2.250125579833984375e+02 2.039361114501953125e+02 2.107645225524902344e+01
2.605000000000000000e+03 2.181837463378906250e+02 2.001814575195312500e+02 1.800229263305664062e+01
2.795000000000000000e+03 2.114694061279296875e+02 1.960372161865234375e+02 1.543218803405761719e+01
2.991666748046875000e+03 2.041549835205078125e+02 1.916200561523437500e+02 1.253492641448974609e+01
3.195000000000000000e+03 1.957639923095703125e+02 1.873046417236328125e+02 8.459345817565917969e+00
3.405000000000000000e+03 1.889338684082031250e+02 1.829998931884765625e+02 5.933975696563720703e+00
3.621666748046875000e+03 1.829716033935546875e+02 1.786214752197265625e+02 4.350132465362548828e+00
3.845000000000000000e+03 1.781983795166015625e+02 1.745075683593750000e+02 3.690811872482299805e+00
4.075000000000000000e+03 1.744731445312500000e+02 1.704782257080078125e+02 3.994912147521972656e+00
4.311667968750000000e+03 1.704440917968750000e+02 1.662885131835937500e+02 4.155584812164306641e+00
4.555000000000000000e+03 1.662299652099609375e+02 1.621074676513671875e+02 4.122495651245117188e+00
4.805000000000000000e+03 1.621835784912109375e+02 1.580919342041015625e+02 4.091639041900634766e+00
5.061667968750000000e+03 1.581130981445312500e+02 1.540022735595703125e+02 4.110826015472412109e+00
5.325000000000000000e+03 1.540121002197265625e+02 1.499190521240234375e+02 4.093050479888916016e+00
5.595000000000000000e+03 1.497104492187500000e+02 1.458445129394531250e+02 3.865940332412719727e+00
5.871667968750000000e+03 1.452249755859375000e+02 1.417806243896484375e+02 3.444357872009277344e+00
6.155007812500000000e+03 1.402705383300781250e+02 1.375142211914062500e+02 2.756311655044555664e+00
6.445147949218750000e+03 1.354232177734375000e+02 1.334034271240234375e+02 2.019791841506958008e+00
6.742492187500000000e+03 1.306743164062500000e+02 1.291532287597656250e+02 1.521087408065795898e+00
7.047815917968750000e+03 1.260027618408203125e+02 1.247582778930664062e+02 1.244485259056091309e+00
7.362359863281250000e+03 1.209062728881835938e+02 1.199536132812500000e+02 9.526575803756713867e-01
7.687919921875000000e+03 1.154202499389648438e+02 1.148835601806640625e+02 5.366879105567932129e-01
8.026928222656250000e+03 1.101027221679687500e+02 1.099004669189453125e+02 2.022572159767150879e-01
8.382580078125000000e+03 1.045136413574218750e+02 1.044865951538085938e+02 2.704522944986820221e-02
8.758916015625000000e+03 9.850623321533203125e+01 9.850000000000000000e+01 6.230265833437442780e-03
9.160944335937500000e+03 9.221800994873046875e+01 9.220880126953125000e+01 9.208652190864086151e-03
9.594759765625000000e+03 8.596569061279296875e+01 8.595692443847656250e+01 8.764330297708511353e-03
1.006766796875000000e+04 7.951568603515625000e+01 7.950757598876953125e+01 8.106742985546588898e-03
1.058830761718750000e+04 7.271799468994140625e+01 7.271060180664062500e+01 7.393253035843372345e-03
1.116679589843750000e+04 6.599797058105468750e+01 6.599126434326171875e+01 6.710027344524860382e-03
1.181486816406250000e+04 5.946266937255859375e+01 5.945658874511718750e+01 6.079127080738544464e-03
1.254602441406250000e+04 5.288635253906250000e+01 5.288090133666992188e+01 5.452182143926620483e-03
1.337567578125000000e+04 4.613368225097656250e+01 4.612888717651367188e+01 4.793582949787378311e-03
1.432132031250000000e+04 3.962640380859375000e+01 3.962222290039062500e+01 4.181100521236658096e-03
1.540270410156250000e+04 3.290616989135742188e+01 3.290266799926757812e+01 3.502112580463290215e-03
1.664198437500000000e+04 2.633067321777343750e+01 2.632786560058593750e+01 2.807165263220667839e-03
1.806390820312500000e+04 2.047185707092285156e+01 2.046965789794921875e+01 2.199087524786591530e-03
1.969602734375000000e+04 1.531646442413330078e+01 1.531480312347412109e+01 1.661765738390386105e-03
2.156885156250000000e+04 1.079015636444091797e+01 1.078899192810058594e+01 1.164510380476713181e-03
2.371606445312500000e+04 7.265685558319091797e+00 7.264902591705322266e+00 7.827620720490813255e-04
2.617471679687500000e+04 4.580451488494873047e+00 4.579965114593505859e+00 4.863610083702951670e-04
2.898546093750000000e+04 2.742894172668457031e+00 2.742605447769165039e+00 2.887495793402194977e-04
3.219273242187500000e+04 1.508091330528259277e+00 1.507938146591186523e+00 1.531589368823915720e-04
3.584500390625000000e+04 8.002510666847229004e-01 8.001704812049865723e-01 8.056149090407416224e-05
