0.000000000000000000e+00 3.123966674804687500e+02 2.674609985351562500e+02 4.493565368652343750e+01
5.000000000000000000e+00 3.121000061035156250e+02 2.671728820800781250e+02 4.492713546752929688e+01
2.166666412353515625e+01 3.111582946777343750e+02 2.666745300292968750e+02 4.448376083374023438e+01
4.500000000000000000e+01 3.101721801757812500e+02 2.659673461914062500e+02 4.420483016967773438e+01
7.500000000000000000e+01 3.089943847656250000e+02 2.650515136718750000e+02 4.394285964965820312e+01
1.116666793823242188e+02 3.077608032226562500e+02 2.640469665527343750e+02 4.371383666992187500e+01
1.550000000000000000e+02 3.064586486816406250e+02 2.629541015625000000e+02 4.350455093383789062e+01
2.050000000000000000e+02 3.047639465332031250e+02 2.615397644042968750e+02 4.322418975830078125e+01
2.616666870117187500e+02 3.027601623535156250e+02 2.599241638183593750e+02 4.283599090576171875e+01
3.250000000000000000e+02 3.006293334960937500e+02 2.582265319824218750e+02 4.240280532836914062e+01
3.950000000000000000e+02 2.981109619140625000e+02 2.563322753906250000e+02 4.177867126464843750e+01
4.716668090820312500e+02 2.951038513183593750e+02 2.542452087402343750e+02 4.085863876342773438e+01
5.550000000000000000e+02 2.905396118164062500e+02 2.512923278808593750e+02 3.924729919433593750e+01
6.450000000000000000e+02 2.827677001953125000e+02 2.469624176025390625e+02 3.580526733398437500e+01
7.416668090820312500e+02 2.760722961425781250e+02 2.444841918945312500e+02 3.158810043334960938e+01
8.450000000000000000e+02 2.721798706054687500e+02 2.420481262207031250e+02 3.013173484802246094e+01
9.550000000000000000e+02 2.672765808105468750e+02 2.387939147949218750e+02 2.848266601562500000e+01
1.071666748046875000e+03 2.628931579589843750e+02 2.357087707519531250e+02 2.718437957763671875e+01
1.195000000000000000e+03 2.584290771484375000e+02 2.323662872314453125e+02 2.606279563903808594e+01
1.325000000000000000e+03 2.537938385009765625e+02 2.291904907226562500e+02 2.460334205627441406e+01
1.461666748046875000e+03 2.483540649414062500e+02 2.257645874023437500e+02 2.258947372436523438e+01
1.605000000000000000e+03 2.426653442382812500e+02 2.222010192871093750e+02 2.046431922912597656e+01
1.755000000000000000e+03 2.372459716796875000e+02 2.184081115722656250e+02 1.883786201477050781e+01
1.911666748046875000e+03 2.322516632080078125e+02 2.145948333740234375e+02 1.765683555603027344e+01
2.075000000000000000e+03 2.268548736572265625e+02 2.107614593505859375e+02 1.609341239929199219e+01
2.245000488281250000e+03 2.210207519531250000e+02 2.069100494384765625e+02 1.411069679260253906e+01
2.421666748046875000e+03 2.151574859619140625e+02 2.028562622070312500e+02 1.230122756958007812e+01
2.605000000000000000e+03 2.093728790283203125e+02 1.989783172607421875e+02 1.039456748962402344e+01
2.795000000000000000e+03 2.037310028076171875e+02 1.951753692626953125e+02 8.555634498596191406e+00
2.991666748046875000e+03 1.985065155029296875e+02 1.913534698486328125e+02 7.153040885925292969e+00
3.195000000000000000e+03 1.929372100830078125e+02 1.870789947509765625e+02 5.858219146728515625e+00
3.405000000000000000e+03 1.873334045410156250e+02 1.827280883789062500e+02 4.605316162109375000e+00
3.621666748046875000e+03 1.823942108154296875e+02 1.785608215332031250e+02 3.833394765853881836e+00
3.845000000000000000e+03 1.777453002929687500e+02 1.742359924316406250e+02 3.509315490722656250e+00
4.075000000000000000e+03 1.733005218505859375e+02 1.699287719726562500e+02 3.371748924255371094e+00
4.311667968750000000e+03 1.689346160888671875e+02 1.657200622558593750e+02 3.214553833007812500e+00
4.555000000000000000e+03 1.638263397216796875e+02 1.615249176025390625e+02 2.301427125930786133e+00
4.805000000000000000e+03 1.587131805419921875e+02 1.574203948974609375e+02 1.292786598205566406e+00
5.061667968750000000e+03 1.540270538330078125e+02 1.531781158447265625e+02 8.489372730255126953e-01
5.325000000000000000e+03 1.495975036621093750e+02 1.488866271972656250e+02 7.108728885650634766e-01
5.595000000000000000e+03 1.449362487792968750e+02 1.442706604003906250e+02 6.655955314636230469e-01
5.871667968750000000e+03 1.402471160888671875e+02 1.395778045654296875e+02 6.693149209022521973e-01
6.155007812500000000e+03 1.357431335449218750e+02 1.350228271484375000e+02 7.203027606010437012e-01
6.445147949218750000e+03 1.313922729492187500e+02 1.305908355712890625e+02 8.014421463012695312e-01
6.742492187500000000e+03 1.272783279418945312e+02 1.263243713378906250e+02 9.539573192596435547e-01
7.047815917968750000e+03 1.236634597778320312e+02 1.221267623901367188e+02 1.536697983741760254e+00
7.362359863281250000e+03 1.197043838500976562e+02 1.177246170043945312e+02 1.979764580726623535e+00
7.687919921875000000e+03 1.152028579711914062e+02 1.134600296020507812e+02 1.742827773094177246e+00
8.026928222656250000e+03 1.106198272705078125e+02 1.092117462158203125e+02 1.408082008361816406e+00
8.382580078125000000e+03 1.059832534790039062e+02 1.049180603027343750e+02 1.065189957618713379e+00
8.758916015625000000e+03 1.012851333618164062e+02 1.005116500854492188e+02 7.734826207160949707e-01
9.160944335937500000e+03 9.633300018310546875e+01 9.581186676025390625e+01 5.211312174797058105e-01
9.594759765625000000e+03 9.082276153564453125e+01 9.050861358642578125e+01 3.141464293003082275e-01
1.006766796875000000e+04 8.457573699951171875e+01 8.445987701416015625e+01 1.158568263053894043e-01
1.058830761718750000e+04 7.622831726074218750e+01 7.621588134765625000e+01 1.243959926068782806e-02
1.116679589843750000e+04 6.792431640625000000e+01 6.791690826416015625e+01 7.410145830363035202e-03
1.181486816406250000e+04 6.151156234741210938e+01 6.150502395629882812e+01 6.537693552672863007e-03
1.254602441406250000e+04 5.426386642456054688e+01 5.425797271728515625e+01 5.893785040825605392e-03
1.337567578125000000e+04 4.719878768920898438e+01 4.719382476806640625e+01 4.963031969964504242e-03
1.432132031250000000e+04 4.038233184814453125e+01 4.037802886962890625e+01 4.302750807255506516e-03
1.540270410156250000e+04 3.310539245605468750e+01 3.310187911987304688e+01 3.515193238854408264e-03
1.664198437500000000e+04 2.675133132934570312e+01 2.674845695495605469e+01 2.875305246561765671e-03
1.806390820312500000e+04 2.072512817382812500e+01 2.072293281555175781e+01 2.195855602622032166e-03
1.969602734375000000e+04 1.540774440765380859e+01 1.540607070922851562e+01 1.673640217632055283e-03
2.156885156250000000e+04 1.089812755584716797e+01 1.089694404602050781e+01 1.183790620416402817e-03
2.371606445312500000e+04 7.302202224731445312e+00 7.301412582397460938e+00 7.894658483564853668e-04
2.617471679687500000e+04 4.618124008178710938e+00 4.617629051208496094e+00 4.949247813783586025e-04
2.898546093750000000e+04 2.744148015975952148e+00 2.743857622146606445e+00 2.903747663367539644e-04
3.219273242187500000e+04 1.498679161071777344e+00 1.498526930809020996e+00 1.522030361229553819e-04
3.584500390625000000e+04 7.818756699562072754e-01 7.818003296852111816e-01 7.536682824138551950e-05
