2.241695523262023926e-01 3.125625915527343750e+02 2.678070068359375000e+02 4.475559616088867188e+01
2.291695624589920044e-01 3.119483337402343750e+02 2.672807006835937500e+02 4.466764068603515625e+01
2.458362132310867310e-01 3.110047607421875000e+02 2.665454711914062500e+02 4.445928955078125000e+01
2.691695690155029297e-01 3.100474853515625000e+02 2.658392944335937500e+02 4.420817565917968750e+01
2.991695702075958252e-01 3.088760375976562500e+02 2.649252929687500000e+02 4.395073318481445312e+01
3.358362317085266113e-01 3.077119750976562500e+02 2.639227905273437500e+02 4.378918457031250000e+01
3.791695535182952881e-01 3.063438110351562500e+02 2.627150268554687500e+02 4.362877273559570312e+01
4.291695654392242432e-01 3.044806213378906250e+02 2.613042602539062500e+02 4.317635726928710938e+01
4.858362376689910889e-01 3.022790832519531250e+02 2.596928405761718750e+02 4.258625030517578125e+01
5.491695404052734375e-01 2.994342041015625000e+02 2.578838195800781250e+02 4.155038070678710938e+01
6.191695332527160645e-01 2.947471313476562500e+02 2.551961822509765625e+02 3.955095291137695312e+01
6.958363652229309082e-01 2.881281433105468750e+02 2.523392791748046875e+02 3.578886795043945312e+01
7.791695594787597656e-01 2.835510559082031250e+02 2.500978393554687500e+02 3.345320892333984375e+01
8.691695332527160645e-01 2.797452392578125000e+02 2.475649108886718750e+02 3.218033981323242188e+01
9.658363461494445801e-01 2.763460388183593750e+02 2.450776824951171875e+02 3.126834869384765625e+01
1.069169521331787109e+00 2.727510070800781250e+02 2.423065185546875000e+02 3.044449424743652344e+01
1.179169535636901855e+00 2.688168334960937500e+02 2.393690185546875000e+02 2.944781303405761719e+01
1.295836329460144043e+00 2.644939880371093750e+02 2.362719726562500000e+02 2.822201347351074219e+01
1.419169545173645020e+00 2.600368347167968750e+02 2.330216064453125000e+02 2.701523399353027344e+01
1.549169540405273438e+00 2.554281311035156250e+02 2.296237487792968750e+02 2.580437850952148438e+01
1.685836315155029297e+00 2.499335021972656250e+02 2.260843048095703125e+02 2.384920120239257812e+01
1.829169511795043945e+00 2.434745330810546875e+02 2.224124145507812500e+02 2.106211853027343750e+01
1.979169607162475586e+00 2.391622161865234375e+02 2.187146453857421875e+02 2.044757461547851562e+01
2.135836362838745117e+00 2.358639373779296875e+02 2.148951416015625000e+02 2.096879577636718750e+01
2.299169540405273438e+00 2.314440917968750000e+02 2.109601745605468750e+02 2.048392105102539062e+01
2.469169855117797852e+00 2.251772613525390625e+02 2.071051788330078125e+02 1.807208442687988281e+01
2.645836353302001953e+00 2.189661254882812500e+02 2.033259887695312500e+02 1.564013576507568359e+01
2.829169511795043945e+00 2.134094543457031250e+02 1.995257110595703125e+02 1.388374900817871094e+01
3.019169330596923828e+00 2.070863494873046875e+02 1.955248565673828125e+02 1.156149101257324219e+01
3.215836524963378906e+00 2.005290832519531250e+02 1.913363189697265625e+02 9.192767143249511719e+00
3.419169425964355469e+00 1.935361175537109375e+02 1.869762725830078125e+02 6.559846401214599609e+00
3.629169464111328125e+00 1.873787231445312500e+02 1.825468597412109375e+02 4.831859588623046875e+00
3.845836400985717773e+00 1.820239105224609375e+02 1.781389770507812500e+02 3.884939193725585938e+00
4.069169521331787109e+00 1.767730102539062500e+02 1.736721801757812500e+02 3.100835800170898438e+00
4.299169540405273438e+00 1.718983764648437500e+02 1.694729919433593750e+02 2.425382614135742188e+00
4.535837173461914062e+00 1.670957489013671875e+02 1.653656005859375000e+02 1.730145812034606934e+00
4.779169559478759766e+00 1.623667297363281250e+02 1.612655792236328125e+02 1.101150631904602051e+00
5.029169559478759766e+00 1.579637756347656250e+02 1.571757812500000000e+02 7.879876494407653809e-01
5.285837173461914062e+00 1.537153778076171875e+02 1.530231475830078125e+02 6.922324299812316895e-01
5.549169540405273438e+00 1.494528350830078125e+02 1.488142547607421875e+02 6.385744810104370117e-01
5.819169521331787109e+00 1.451267089843750000e+02 1.444871673583984375e+02 6.395422816276550293e-01
6.095837593078613281e+00 1.406542663574218750e+02 1.399198150634765625e+02 7.344486713409423828e-01
6.379177093505859375e+00 1.360257263183593750e+02 1.350760803222656250e+02 9.496501088142395020e-01
6.669317245483398438e+00 1.317110595703125000e+02 1.302520294189453125e+02 1.459035396575927734e+00
6.966661453247070312e+00 1.283014831542968750e+02 1.259446411132812500e+02 2.356836795806884766e+00
7.271985530853271484e+00 1.244996948242187500e+02 1.217735671997070312e+02 2.726128101348876953e+00
7.586529254913330078e+00 1.200415649414062500e+02 1.176965713500976562e+02 2.344997167587280273e+00
7.912089347839355469e+00 1.153256683349609375e+02 1.136100006103515625e+02 1.715664863586425781e+00
8.251097679138183594e+00 1.107067718505859375e+02 1.093524703979492188e+02 1.354298472404479980e+00
8.606749534606933594e+00 1.060672531127929688e+02 1.049936828613281250e+02 1.073568701744079590e+00
8.983085632324218750e+00 1.012733764648437500e+02 1.005275039672851562e+02 7.458760738372802734e-01
9.385114669799804688e+00 9.627283477783203125e+01 9.577554321289062500e+01 4.972929954528808594e-01
9.818929672241210938e+00 9.083374786376953125e+01 9.047665405273437500e+01 3.570932447910308838e-01
1.029183769226074219e+01 8.474336242675781250e+01 8.457280731201171875e+01 1.705531775951385498e-01
1.081247711181640625e+01 7.624892425537109375e+01 7.622225952148437500e+01 2.666592411696910858e-02
1.139096546173095703e+01 6.763813781738281250e+01 6.762995147705078125e+01 8.186734281480312347e-03
1.203903770446777344e+01 6.144168472290039062e+01 6.143515777587890625e+01 6.526575889438390732e-03
1.277019405364990234e+01 5.409621047973632812e+01 5.409057617187500000e+01 5.633649416267871857e-03
1.359984588623046875e+01 4.715071105957031250e+01 4.714575958251953125e+01 4.952324554324150085e-03
1.454549026489257812e+01 4.026548004150390625e+01 4.026120376586914062e+01 4.275464918464422226e-03
1.562687397003173828e+01 3.318827819824218750e+01 3.318474960327148438e+01 3.530097659677267075e-03
1.686615371704101562e+01 2.682208442687988281e+01 2.681919479370117188e+01 2.889652736485004425e-03
1.828807830810546875e+01 2.068253898620605469e+01 2.068030738830566406e+01 2.230823505669832230e-03
1.992019653320312500e+01 1.547160816192626953e+01 1.546992015838623047e+01 1.687541604042053223e-03
2.179302215576171875e+01 1.088988971710205078e+01 1.088870716094970703e+01 1.182895968668162823e-03
2.394023513793945312e+01 7.300110816955566406e+00 7.299321174621582031e+00 7.897031609900295734e-04
2.639888763427734375e+01 4.602477550506591797e+00 4.601985931396484375e+00 4.918176564387977123e-04
2.920963096618652344e+01 2.746171236038208008e+00 2.745880365371704102e+00 2.907558227889239788e-04
3.241690063476562500e+01 1.496235132217407227e+00 1.496083498001098633e+00 1.516205375082790852e-04
3.606917190551757812e+01 7.822817564010620117e-01 7.822079658508300781e-01 7.378842565231025219e-05
