0.000000000000000000e+00 3.128623352050781250e+02 2.690838928222656250e+02 4.377844238281250000e+01
5.000000000000000000e+00 3.120856018066406250e+02 2.684326171875000000e+02 4.365299606323242188e+01
2.166666412353515625e+01 3.112673950195312500e+02 2.676908874511718750e+02 4.357651901245117188e+01
4.500000000000000000e+01 3.102301025390625000e+02 2.667403869628906250e+02 4.348971176147460938e+01
7.500000000000000000e+01 3.091499633789062500e+02 2.657010192871093750e+02 4.344895172119140625e+01
1.116666793823242188e+02 3.076682434082031250e+02 2.644558715820312500e+02 4.321236801147460938e+01
1.550000000000000000e+02 3.054302368164062500e+02 2.628903503417968750e+02 4.253988265991210938e+01
2.050000000000000000e+02 3.027996215820312500e+02 2.613600463867187500e+02 4.143958663940429688e+01
2.616666870117187500e+02 3.003692626953125000e+02 2.597467041015625000e+02 4.062256240844726562e+01
3.250000000000000000e+02 2.970259704589843750e+02 2.577059936523437500e+02 3.931997680664062500e+01
3.950000000000000000e+02 2.930737304687500000e+02 2.554771270751953125e+02 3.759661865234375000e+01
4.716668090820312500e+02 2.887146606445312500e+02 2.529520111083984375e+02 3.576266479492187500e+01
5.550000000000000000e+02 2.847468566894531250e+02 2.504753875732421875e+02 3.427145767211914062e+01
6.450000000000000000e+02 2.802200622558593750e+02 2.478226318359375000e+02 3.239744186401367188e+01
7.416668090820312500e+02 2.762737731933593750e+02 2.452187805175781250e+02 3.105497932434082031e+01
8.450000000000000000e+02 2.727751464843750000e+02 2.424433593750000000e+02 3.033178520202636719e+01
9.550000000000000000e+02 2.687552490234375000e+02 2.396088256835937500e+02 2.914641761779785156e+01
1.071666748046875000e+03 2.644058532714843750e+02 2.366097717285156250e+02 2.779608345031738281e+01
1.195000000000000000e+03 2.600427551269531250e+02 2.334528198242187500e+02 2.658992576599121094e+01
1.325000000000000000e+03 2.553282470703125000e+02 2.301443023681640625e+02 2.518395233154296875e+01
1.461666748046875000e+03 2.499098510742187500e+02 2.266913299560546875e+02 2.321851539611816406e+01
1.605000000000000000e+03 2.453839111328125000e+02 2.231003417968750000e+02 2.228357124328613281e+01
1.755000000000000000e+03 2.427557525634765625e+02 2.193796386718750000e+02 2.337611770629882812e+01
1.911666748046875000e+03 2.390053863525390625e+02 2.154376525878906250e+02 2.356772994995117188e+01
2.075000000000000000e+03 2.327488098144531250e+02 2.113849792480468750e+02 2.136383628845214844e+01
2.245000488281250000e+03 2.261537628173828125e+02 2.074179077148437500e+02 1.873585700988769531e+01
2.421666748046875000e+03 2.198802185058593750e+02 2.035301208496093750e+02 1.635010337829589844e+01
2.605000000000000000e+03 2.134684295654296875e+02 1.994435119628906250e+02 1.402491378784179688e+01
2.795000000000000000e+03 2.055868225097656250e+02 1.950819244384765625e+02 1.050489330291748047e+01
2.991666748046875000e+03 1.974226531982421875e+02 1.908199920654296875e+02 6.602668285369873047e+00
3.195000000000000000e+03 1.910467529296875000e+02 1.864807586669921875e+02 4.565993785858154297e+00
3.405000000000000000e+03 1.859916229248046875e+02 1.822407531738281250e+02 3.750870466232299805e+00
3.621666748046875000e+03 1.809285125732421875e+02 1.779288482666015625e+02 2.999659061431884766e+00
3.845000000000000000e+03 1.756761474609375000e+02 1.735511169433593750e+02 2.125030994415283203e+00
4.075000000000000000e+03 1.707822723388671875e+02 1.694340515136718750e+02 1.348218321800231934e+00
4.311667968750000000e+03 1.664921417236328125e+02 1.655607147216796875e+02 9.314323663711547852e-01
4.555000000000000000e+03 1.624132080078125000e+02 1.616036071777343750e+02 8.095941543579101562e-01
4.805000000000000000e+03 1.587803344726562500e+02 1.577976837158203125e+02 9.826557040214538574e-01
5.061667968750000000e+03 1.551633911132812500e+02 1.538335571289062500e+02 1.329826354980468750e+00
5.325000000000000000e+03 1.508083648681640625e+02 1.494317321777343750e+02 1.376629471778869629e+00
5.595000000000000000e+03 1.458707733154296875e+02 1.444258422851562500e+02 1.444930553436279297e+00
5.871667968750000000e+03 1.414786682128906250e+02 1.395843505859375000e+02 1.894313931465148926e+00
6.155007812500000000e+03 1.380566253662109375e+02 1.348946685791015625e+02 3.161959409713745117e+00
6.445147949218750000e+03 1.345157775878906250e+02 1.306643676757812500e+02 3.851404190063476562e+00
6.742492187500000000e+03 1.302341918945312500e+02 1.264545898437500000e+02 3.779599666595458984e+00
7.047815917968750000e+03 1.254502334594726562e+02 1.222461090087890625e+02 3.204126358032226562e+00
7.362359863281250000e+03 1.202274475097656250e+02 1.179528045654296875e+02 2.274644851684570312e+00
7.687919921875000000e+03 1.153175964355468750e+02 1.137845916748046875e+02 1.533004641532897949e+00
8.026928222656250000e+03 1.107616348266601562e+02 1.095653762817382812e+02 1.196255207061767578e+00
8.382580078125000000e+03 1.060910110473632812e+02 1.051281738281250000e+02 9.628360271453857422e-01
8.758916015625000000e+03 1.013550033569335938e+02 1.006434707641601562e+02 7.115314602851867676e-01
9.160944335937500000e+03 9.620122528076171875e+01 9.571550750732421875e+01 4.857141673564910889e-01
9.594759765625000000e+03 9.113082885742187500e+01 9.081285858154296875e+01 3.179722726345062256e-01
1.006766796875000000e+04 8.394493865966796875e+01 8.378448486328125000e+01 1.604538708925247192e-01
1.058830761718750000e+04 7.593198394775390625e+01 7.590078735351562500e+01 3.119935467839241028e-02
1.116679589843750000e+04 6.802677154541015625e+01 6.801933288574218750e+01 7.442108355462551117e-03
1.181486816406250000e+04 6.113085174560546875e+01 6.112451553344726562e+01 6.337589118629693985e-03
1.254602441406250000e+04 5.390634155273437500e+01 5.390074539184570312e+01 5.594901274889707565e-03
1.337567578125000000e+04 4.690318679809570312e+01 4.689828872680664062e+01 4.898402839899063110e-03
1.432132031250000000e+04 4.021391296386718750e+01 4.020965194702148438e+01 4.260168410837650299e-03
1.540270410156250000e+04 3.333423995971679688e+01 3.333068084716796875e+01 3.557946998625993729e-03
1.664198437500000000e+04 2.683751487731933594e+01 2.683462333679199219e+01 2.891315380111336708e-03
1.806390820312500000e+04 2.084432601928710938e+01 2.084206008911132812e+01 2.266852417960762978e-03
1.969602734375000000e+04 1.541396331787109375e+01 1.541228580474853516e+01 1.677282270975410938e-03
2.156885156250000000e+04 1.085331439971923828e+01 1.085213851928710938e+01 1.175457844510674477e-03
2.371606445312500000e+04 7.298103809356689453e+00 7.297314643859863281e+00 7.890228298492729664e-04
2.617471679687500000e+04 4.602509021759033203e+00 4.602017402648925781e+00 4.915358149446547031e-04
2.898546093750000000e+04 2.745006084442138672e+00 2.744715929031372070e+00 2.901322732213884592e-04
3.219273242187500000e+04 1.498002290725708008e+00 1.497850656509399414e+00 1.516327902209013700e-04
3.584500390625000000e+04 7.860406041145324707e-01 7.859646677970886230e-01 7.593043119413778186e-05
