3.057104797363281250e+02 3.040567626953125000e+02 2.603799133300781250e+02 4.367685699462890625e+01
3.217996215820312500e+02 3.036263427734375000e+02 2.599949645996093750e+02 4.363137054443359375e+01
3.443253479003906250e+02 3.020523986816406250e+02 2.595249023437500000e+02 4.252750015258789062e+01
3.732886047363281250e+02 3.007772521972656250e+02 2.588563842773437500e+02 4.192087554931640625e+01
4.086905822753906250e+02 2.995682067871093750e+02 2.581034240722656250e+02 4.146477127075195312e+01
4.505327453613281250e+02 2.981809997558593750e+02 2.571531066894531250e+02 4.102788162231445312e+01
4.988168334960937500e+02 2.967224426269531250e+02 2.561199951171875000e+02 4.060244750976562500e+01
5.535448608398437500e+02 2.950533447265625000e+02 2.548918762207031250e+02 4.016145324707031250e+01
6.147189941406250000e+02 2.933322448730468750e+02 2.535825042724609375e+02 3.974975204467773438e+01
6.823418579101562500e+02 2.914569396972656250e+02 2.520810241699218750e+02 3.937591171264648438e+01
7.564164428710937500e+02 2.894584655761718750e+02 2.505008087158203125e+02 3.895766448974609375e+01
8.369452514648437500e+02 2.871506347656250000e+02 2.487316741943359375e+02 3.841896820068359375e+01
9.239321289062500000e+02 2.846198120117187500e+02 2.467762908935546875e+02 3.784352874755859375e+01
1.017380676269531250e+03 2.820603027343750000e+02 2.447473449707031250e+02 3.731295776367187500e+01
1.117294311523437500e+03 2.788061828613281250e+02 2.423203887939453125e+02 3.648580169677734375e+01
1.223677490234375000e+03 2.742072143554687500e+02 2.398283691406250000e+02 3.437884902954101562e+01
1.336534790039062500e+03 2.689268798828125000e+02 2.371659088134765625e+02 3.176096343994140625e+01
1.455870361328125000e+03 2.634126281738281250e+02 2.344433593750000000e+02 2.896925544738769531e+01
1.581689575195312500e+03 2.578662109375000000e+02 2.314527435302734375e+02 2.641345405578613281e+01
1.713997436523437500e+03 2.526831359863281250e+02 2.284112548828125000e+02 2.427188301086425781e+01
1.852799438476562500e+03 2.479051818847656250e+02 2.252187500000000000e+02 2.268642807006835938e+01
1.998101318359375000e+03 2.433971405029296875e+02 2.218801269531250000e+02 2.151701164245605469e+01
2.149909179687500000e+03 2.388891754150390625e+02 2.184015197753906250e+02 2.048764991760253906e+01
2.308229003906250000e+03 2.343272399902343750e+02 2.148878479003906250e+02 1.943939208984375000e+01
2.473067871093750000e+03 2.296962738037109375e+02 2.113407287597656250e+02 1.835553932189941406e+01
2.644431396484375000e+03 2.250564727783203125e+02 2.077619628906250000e+02 1.729451370239257812e+01
2.822327880859375000e+03 2.203817901611328125e+02 2.040571289062500000e+02 1.632466697692871094e+01
3.006764160156250000e+03 2.156046447753906250e+02 2.002335357666015625e+02 1.537111568450927734e+01
3.197748046875000000e+03 2.102849273681640625e+02 1.962067260742187500e+02 1.407819843292236328e+01
3.395287109375000000e+03 2.043438873291015625e+02 1.921708068847656250e+02 1.217307472229003906e+01
3.599389648437500000e+03 1.986050720214843750e+02 1.882155303955078125e+02 1.038954448699951172e+01
3.810063964843750000e+03 1.933919677734375000e+02 1.839008483886718750e+02 9.491114616394042969e+00
4.027318603515625000e+03 1.881660614013671875e+02 1.794265747070312500e+02 8.739480018615722656e+00
4.251162597656250000e+03 1.827841644287109375e+02 1.753091278076171875e+02 7.475032806396484375e+00
4.481606933593750000e+03 1.779781188964843750e+02 1.713563232421875000e+02 6.621800899505615234e+00
4.718656250000000000e+03 1.734415435791015625e+02 1.671525421142578125e+02 6.289002418518066406e+00
4.962325195312500000e+03 1.687887268066406250e+02 1.629576873779296875e+02 5.831038951873779297e+00
5.212622558593750000e+03 1.641013641357421875e+02 1.587730712890625000e+02 5.328292369842529297e+00
5.469555664062500000e+03 1.592310180664062500e+02 1.545223083496093750e+02 4.708705425262451172e+00
5.733138671875000000e+03 1.543993835449218750e+02 1.503632812500000000e+02 4.036098480224609375e+00
6.003382324218750000e+03 1.495805358886718750e+02 1.462175598144531250e+02 3.362969636917114258e+00
6.280301269531250000e+03 1.446674499511718750e+02 1.419418029785156250e+02 2.725641727447509766e+00
6.564032714843750000e+03 1.399614715576171875e+02 1.377602691650390625e+02 2.201207876205444336e+00
6.854983886718750000e+03 1.351397857666015625e+02 1.333844146728515625e+02 1.755367875099182129e+00
7.153926757812500000e+03 1.305642089843750000e+02 1.290935516357421875e+02 1.470652937889099121e+00
7.462091796875000000e+03 1.260428390502929688e+02 1.248585662841796875e+02 1.184273004531860352e+00
7.781257812500000000e+03 1.207910919189453125e+02 1.199411087036132812e+02 8.499851226806640625e-01
8.113833007812500000e+03 1.141667785644531250e+02 1.138622283935546875e+02 3.045499324798583984e-01
8.462983398437500000e+03 1.087499847412109375e+02 1.086995925903320312e+02 5.039535090327262878e-02
8.832713867187500000e+03 1.035412445068359375e+02 1.035364303588867188e+02 4.810859449207782745e-03
9.228000000000000000e+03 9.779697418212890625e+01 9.778964996337890625e+01 7.325705606490373611e-03
9.654901367187500000e+03 9.114426422119140625e+01 9.113510131835937500e+01 9.165501222014427185e-03
1.012070117187500000e+04 8.502597045898437500e+01 8.501605224609375000e+01 9.918120689690113068e-03
1.063403125000000000e+04 7.889183807373046875e+01 7.887197875976562500e+01 1.986295916140079498e-02
1.120503417968750000e+04 7.220190429687500000e+01 7.219422149658203125e+01 7.683661300688982010e-03
1.184551367187500000e+04 6.566618347167968750e+01 6.565958404541015625e+01 6.596215534955263138e-03
1.256911230468750000e+04 5.932101821899414062e+01 5.931502151489257812e+01 5.998081993311643600e-03
1.339148144531250000e+04 5.290022277832031250e+01 5.289482498168945312e+01 5.399232264608144760e-03
1.433050390625000000e+04 4.614948654174804688e+01 4.614474868774414062e+01 4.739100579172372818e-03
1.540650488281250000e+04 3.929187011718750000e+01 3.928782272338867188e+01 4.048428498208522797e-03
1.664249023437500000e+04 3.234512710571289062e+01 3.234181594848632812e+01 3.312297165393829346e-03
1.806441406250000000e+04 2.649881362915039062e+01 2.649604988098144531e+01 2.764308359473943710e-03
1.969602734375000000e+04 2.075807762145996094e+01 2.075589179992675781e+01 2.186490688472986221e-03
2.156885156250000000e+04 1.550386714935302734e+01 1.550223255157470703e+01 1.634923159144818783e-03
2.371606445312500000e+04 1.106160259246826172e+01 1.106043815612792969e+01 1.164475572295486927e-03
2.617471679687500000e+04 7.514060497283935547e+00 7.513271808624267578e+00 7.887657266110181808e-04
2.898546093750000000e+04 4.761108398437500000e+00 4.760619640350341797e+00 4.886467941105365753e-04
3.219273242187500000e+04 2.862761497497558594e+00 2.862474918365478516e+00 2.864731650333851576e-04
3.584500390625000000e+04 1.603136777877807617e+00 1.602983951568603516e+00 1.527894492028281093e-04
4.000000000000000000e+04 8.653915524482727051e-01 8.653153181076049805e-01 7.625957368873059750e-05
