3.057104797363281250e+02 3.032742919921875000e+02 2.595237731933593750e+02 4.375051879882812500e+01
3.217996215820312500e+02 3.033002929687500000e+02 2.594806213378906250e+02 4.381967926025390625e+01
3.443253479003906250e+02 3.005848999023437500e+02 2.590119628906250000e+02 4.157293701171875000e+01
3.732886047363281250e+02 2.988458251953125000e+02 2.584586181640625000e+02 4.038721084594726562e+01
4.086905822753906250e+02 2.972758178710937500e+02 2.577075195312500000e+02 3.956829071044921875e+01
4.505327453613281250e+02 2.958123779296875000e+02 2.568720092773437500e+02 3.894036102294921875e+01
4.988168334960937500e+02 2.942397460937500000e+02 2.558410186767578125e+02 3.839874267578125000e+01
5.535448608398437500e+02 2.925059204101562500e+02 2.546148681640625000e+02 3.789105224609375000e+01
6.147189941406250000e+02 2.907247314453125000e+02 2.533074493408203125e+02 3.741727066040039062e+01
6.823418579101562500e+02 2.887348022460937500e+02 2.518084106445312500e+02 3.692640686035156250e+01
7.564164428710937500e+02 2.866691284179687500e+02 2.502301940917968750e+02 3.643894195556640625e+01
8.369452514648437500e+02 2.843735656738281250e+02 2.484636688232421875e+02 3.590989303588867188e+01
9.239321289062500000e+02 2.819814453125000000e+02 2.466207580566406250e+02 3.536067199707031250e+01
1.017380676269531250e+03 2.793419494628906250e+02 2.445939331054687500e+02 3.474801635742187500e+01
1.117294311523437500e+03 2.764605102539062500e+02 2.423856658935546875e+02 3.407482910156250000e+01
1.223677490234375000e+03 2.735577392578125000e+02 2.401072692871093750e+02 3.345046997070312500e+01
1.336534790039062500e+03 2.702448730468750000e+02 2.375461883544921875e+02 3.269868087768554688e+01
1.455870361328125000e+03 2.667631225585937500e+02 2.349212341308593750e+02 3.184189605712890625e+01
1.581689575195312500e+03 2.628988952636718750e+02 2.321289978027343750e+02 3.076990890502929688e+01
1.713997436523437500e+03 2.586128540039062500e+02 2.291743927001953125e+02 2.943845176696777344e+01
1.852799438476562500e+03 2.537812500000000000e+02 2.259605102539062500e+02 2.782074165344238281e+01
1.998101318359375000e+03 2.478694000244140625e+02 2.221937103271484375e+02 2.567569351196289062e+01
2.149909179687500000e+03 2.416694335937500000e+02 2.187053985595703125e+02 2.296404075622558594e+01
2.308229003906250000e+03 2.364318847656250000e+02 2.150836639404296875e+02 2.134821510314941406e+01
2.473067871093750000e+03 2.314360656738281250e+02 2.115298919677734375e+02 1.990618133544921875e+01
2.644431396484375000e+03 2.263974761962890625e+02 2.078489837646484375e+02 1.854848670959472656e+01
2.822327880859375000e+03 2.213089141845703125e+02 2.040454864501953125e+02 1.726343345642089844e+01
3.006764160156250000e+03 2.161837921142578125e+02 2.002211303710937500e+02 1.596265697479248047e+01
3.197748046875000000e+03 2.106500854492187500e+02 1.962850952148437500e+02 1.436499404907226562e+01
3.395287109375000000e+03 2.046244354248046875e+02 1.921537322998046875e+02 1.247070407867431641e+01
3.599389648437500000e+03 1.984858551025390625e+02 1.880188293457031250e+02 1.046702384948730469e+01
3.810063964843750000e+03 1.927769775390625000e+02 1.837083282470703125e+02 9.068656921386718750e+00
4.027318603515625000e+03 1.877866210937500000e+02 1.794098510742187500e+02 8.376762390136718750e+00
4.251162597656250000e+03 1.831050872802734375e+02 1.752073516845703125e+02 7.897741317749023438e+00
4.481606933593750000e+03 1.781797485351562500e+02 1.710106658935546875e+02 7.169084548950195312e+00
4.718656250000000000e+03 1.732023010253906250e+02 1.669020690917968750e+02 6.300232887268066406e+00
4.962325195312500000e+03 1.679777832031250000e+02 1.627175598144531250e+02 5.260228633880615234e+00
5.212622558593750000e+03 1.629951934814453125e+02 1.586196594238281250e+02 4.375534534454345703e+00
5.469555664062500000e+03 1.582544403076171875e+02 1.543752441406250000e+02 3.879196405410766602e+00
5.733138671875000000e+03 1.536649475097656250e+02 1.501491241455078125e+02 3.515820503234863281e+00
6.003382324218750000e+03 1.490007324218750000e+02 1.460150756835937500e+02 2.985650777816772461e+00
6.280301269531250000e+03 1.441264648437500000e+02 1.417502593994140625e+02 2.376198530197143555e+00
6.564032714843750000e+03 1.394783477783203125e+02 1.375078430175781250e+02 1.970511913299560547e+00
6.854983886718750000e+03 1.350196075439453125e+02 1.333524780273437500e+02 1.667129993438720703e+00
7.153926757812500000e+03 1.304954376220703125e+02 1.291288757324218750e+02 1.366565942764282227e+00
7.462091796875000000e+03 1.258458328247070312e+02 1.247577896118164062e+02 1.088040232658386230e+00
7.781257812500000000e+03 1.205695953369140625e+02 1.198477706909179688e+02 7.218227982521057129e-01
8.113833007812500000e+03 1.143334655761718750e+02 1.140168380737304688e+02 3.166291117668151855e-01
8.462983398437500000e+03 1.088818740844726562e+02 1.087804641723632812e+02 1.014119535684585571e-01
8.832713867187500000e+03 1.035808410644531250e+02 1.035532150268554688e+02 2.762966603040695190e-02
9.228000000000000000e+03 9.755353546142578125e+01 9.754328918457031250e+01 1.024712063372135162e-02
9.654901367187500000e+03 9.097748565673828125e+01 9.096835327148437500e+01 9.133774787187576294e-03
1.012070117187500000e+04 8.496888732910156250e+01 8.496035003662109375e+01 8.539843373000621796e-03
1.063403125000000000e+04 7.883214569091796875e+01 7.882421112060546875e+01 7.936053909361362457e-03
1.120503417968750000e+04 7.208698272705078125e+01 7.207975769042968750e+01 7.225432898849248886e-03
1.184551367187500000e+04 6.581142425537109375e+01 6.580480194091796875e+01 6.625253707170486450e-03
1.256911230468750000e+04 5.934635162353515625e+01 5.934034729003906250e+01 6.003938149660825729e-03
1.339148144531250000e+04 5.275407791137695312e+01 5.274870681762695312e+01 5.369443446397781372e-03
1.433050390625000000e+04 4.592160415649414062e+01 4.591691589355468750e+01 4.689561203122138977e-03
1.540650488281250000e+04 3.905289840698242188e+01 3.904890441894531250e+01 3.992548212409019470e-03
1.664249023437500000e+04 3.272130203247070312e+01 3.271791839599609375e+01 3.384681651368737221e-03
1.806441406250000000e+04 2.645427131652832031e+01 2.645151710510253906e+01 2.753425855189561844e-03
1.969602734375000000e+04 2.087969017028808594e+01 2.087747764587402344e+01 2.211946062743663788e-03
2.156885156250000000e+04 1.554528236389160156e+01 1.554363632202148438e+01 1.645884709432721138e-03
2.371606445312500000e+04 1.104485511779785156e+01 1.104369163513183594e+01 1.163377077318727970e-03
2.617471679687500000e+04 7.463569164276123047e+00 7.462790012359619141e+00 7.790270028635859489e-04
2.898546093750000000e+04 4.765059947967529297e+00 4.764570713043212891e+00 4.893249715678393841e-04
3.219273242187500000e+04 2.862761497497558594e+00 2.862474918365478516e+00 2.864731650333851576e-04
3.584500390625000000e+04 1.614592194557189941e+00 1.614436745643615723e+00 1.554086484247818589e-04
4.000000000000000000e+04 8.721936345100402832e-01 8.721137046813964844e-01 7.993353210622444749e-05
