Learn rate: 1e-07, iterations: 10
308.573 0.575 308.573 308.573
307.348 0.669174 306.892 304.962
304.332 0.772217 305.445 301.059
297.846 0.884964 297.468 296.845
291.518 1.00833 290.888 292.303
283.54 1.14331 281.821 287.412
277.228 1.29101 275.116 282.155
270.002 1.45261 268.769 276.512
262.81 1.62943 263.021 270.468
254.765 1.82291 256.835 264.005
247.223 2.0346 249.363 257.111
239.894 2.26623 242.543 249.773
230.206 2.51968 230.305 241.984
221.43 2.79699 216.993 233.74
212.021 3.10042 211.225 225.04
202.631 3.43243 203.213 215.892
193.292 3.7957 193.942 206.308
183.631 4.19318 185.115 196.308
174.464 4.62809 175.874 185.921
164.323 5.10396 165.876 175.184
154.341 5.62465 157.025 164.145
146.424 6.19437 147.053 152.862
135.409 6.81774 135.171 141.403
124.829 7.49982 124.909 129.847
115.075 8.24614 115.014 118.281
104.1 9.06274 103.84 106.803
90.9162 9.95624 90.5811 95.5169
77.1604 10.9339 76.8818 84.5292
65.4665 12.0036 65.2797 73.9495
55.0793 13.1741 55.0815 63.8844
