Learn rate: 1e-07, iterations: 10
289.534 0.575 289.534 289.534
283.687 0.669174 283.823 286.146
272.284 0.772217 274.134 282.484
268.707 0.884964 263.142 278.53
264.704 1.00833 259.644 274.268
261.287 1.14331 257.081 269.679
257.726 1.29101 254.252 264.746
253.561 1.45261 251.275 259.452
249.182 1.62943 243.302 253.78
243.576 1.82291 234.678 247.716
238.58 2.0346 235.213 241.247
232.813 2.26623 238.995 234.362
226.579 2.51968 233.637 227.054
220.347 2.79699 235.648 219.318
213.303 3.10042 226.372 211.156
204.148 3.43243 214.906 202.572
195.584 3.7957 204.605 193.579
186.849 4.19318 199.687 184.196
175.441 4.62809 181.645 174.45
163.162 5.10396 175.633 164.375
154.859 5.62465 163.146 154.018
146.046 6.19437 146.677 143.431
136.573 6.81774 137.067 132.679
125.693 7.49982 126.154 121.835
116.026 8.24614 116.349 110.983
106.21 9.06274 107.151 100.214
96.1453 9.95624 96.4514 89.6236
85.853 10.9339 85.9894 79.3138
75.6018 12.0036 75.6635 69.3869
63.141 13.1741 63.15 59.9428
