Learn rate: 1e-07, iterations: 10
295.118 0.575 295.118 295.118
293.244 0.669174 292.364 291.665
288.241 0.772217 287.379 287.932
283.054 0.884964 282.934 283.902
276.902 1.00833 277.71 279.558
270.775 1.14331 271.057 274.881
265.322 1.29101 264.035 269.852
258.032 1.45261 258.604 264.456
251.617 1.62943 252.728 258.675
244.787 1.82291 243.371 252.494
235.927 2.0346 234.646 245.9
228.08 2.26623 230.64 238.882
220.766 2.51968 224.292 231.433
214.025 2.79699 216.001 223.548
207.608 3.10042 208.923 215.228
200.916 3.43243 201.866 206.479
193.305 3.7957 193.556 197.313
185.684 4.19318 186.088 187.749
175.399 4.62809 175.326 177.814
166.567 5.10396 166.544 167.546
156.774 5.62465 156.808 156.988
146.507 6.19437 146.388 146.197
135.474 6.81774 135.366 135.238
124.619 7.49982 124.539 124.185
113.793 8.24614 113.658 113.124
102.61 9.06274 102.471 102.147
90.2393 9.95624 90.2439 91.3521
76.691 10.9339 76.6963 80.8435
64.2127 12.0036 64.216 70.7252
54.1988 13.1741 54.2013 61.0989
