Learn rate: 1e-07, iterations: 10
289.534 0.575 289.534 289.534
284.361 0.669174 283.823 286.146
272.487 0.772217 274.134 282.484
267.238 0.884964 263.142 278.53
262.368 1.00833 259.644 274.268
259.174 1.14331 257.081 269.679
254.942 1.29101 254.252 264.746
251.774 1.45261 251.275 259.452
246.633 1.62943 243.302 253.78
242.098 1.82291 234.678 247.716
236.888 2.0346 235.213 241.247
231.6 2.26623 238.995 234.362
227.076 2.51968 233.637 227.054
219.717 2.79699 235.648 219.318
213.651 3.10042 226.372 211.156
203.417 3.43243 214.906 202.572
195.445 3.7957 204.605 193.579
186.552 4.19318 199.687 184.196
175.992 4.62809 181.645 174.45
164.902 5.10396 175.633 164.375
157.43 5.62465 163.146 154.018
150.192 6.19437 146.677 143.431
141.134 6.81774 137.067 132.679
126.937 7.49982 126.154 121.835
117.582 8.24614 116.349 110.983
108.874 9.06274 107.151 100.214
96.0373 9.95624 96.4514 89.6236
85.8369 10.9339 85.9894 79.3138
75.6018 12.0036 75.6635 69.3869
63.141 13.1741 63.15 59.9428
