Learn rate: 1e-07, iterations: 10
289.534 0.575 289.534 289.534
283.475 0.669174 283.823 286.146
273.764 0.772217 274.134 282.484
268.497 0.884964 263.142 278.53
263.88 1.00833 259.644 274.268
260.526 1.14331 257.081 269.679
256.901 1.29101 254.252 264.746
252.544 1.45261 251.275 259.452
247.732 1.62943 243.302 253.78
242.591 1.82291 234.678 247.716
237.026 2.0346 235.213 241.247
231.762 2.26623 238.995 234.362
226.175 2.51968 233.637 227.054
219.516 2.79699 235.648 219.318
211.387 3.10042 226.372 211.156
202.497 3.43243 214.906 202.572
192.242 3.7957 204.605 193.579
184.32 4.19318 199.687 184.196
176.058 4.62809 181.645 174.45
165.404 5.10396 175.633 164.375
158.389 5.62465 163.146 154.018
150.354 6.19437 146.677 143.431
140.798 6.81774 137.067 132.679
126.378 7.49982 126.154 121.835
117.426 8.24614 116.349 110.983
108.426 9.06274 107.151 100.214
96.0722 9.95624 96.4514 89.6236
85.8369 10.9339 85.9894 79.3138
75.6018 12.0036 75.6635 69.3869
63.141 13.1741 63.15 59.9428
