308.573 0.575 308.573 308.573
306.936 0.669174 306.892 304.962
303.944 0.772217 305.445 301.059
298.17 0.884964 297.468 296.845
291.676 1.00833 290.888 292.303
284.952 1.14331 281.821 287.412
278.65 1.29101 275.116 282.155
271.102 1.45261 268.769 276.512
262.849 1.62943 263.021 270.468
254.217 1.82291 256.835 264.005
245.598 2.0346 249.363 257.111
237.191 2.26623 242.543 249.773
227.983 2.51968 230.305 241.984
218.341 2.79699 216.993 233.74
209.066 3.10042 211.225 225.04
200.608 3.43243 203.213 215.892
193.157 3.7957 193.942 206.308
184.65 4.19318 185.115 196.308
175.188 4.62809 175.874 185.921
165.894 5.10396 165.876 175.184
156.647 5.62465 157.025 164.145
146.506 6.19437 147.053 152.862
135.883 6.81774 135.171 141.403
126.165 7.49982 124.909 129.847
115.901 8.24614 115.014 118.281
104.356 9.06274 103.84 106.803
90.5977 9.95624 90.5811 95.5169
79.0299 10.9339 76.8818 84.5292
71.9824 12.0036 65.2797 73.9495
63.9443 13.1741 55.0815 63.8844
