308.573 0.575 308.573 308.573 258.111
312.613 0.669174 306.892 304.962 255.914
299.738 0.772217 305.445 301.059 253.555
293.781 0.884964 297.468 296.845 250.976
285.527 1.00833 290.888 292.303 247.852
277.458 1.14331 281.821 287.412 245.107
273.472 1.29101 275.116 282.155 240.964
268.205 1.45261 268.769 276.512 236.964
260.883 1.62943 263.021 270.468 232.985
253.271 1.82291 256.835 264.005 228.549
245.575 2.0346 249.363 257.111 223.723
237.659 2.26623 242.543 249.773 218.632
229.184 2.51968 230.305 241.984 212.459
220.411 2.79699 216.993 233.74 206.405
211.244 3.10042 211.225 225.04 199.914
202.591 3.43243 203.213 215.892 193.137
193.981 3.7957 193.942 206.308 185.825
183.793 4.19318 185.115 196.308 178.002
174.694 4.62809 175.874 185.921 169.647
165.965 5.10396 165.876 175.184 161.354
156.303 5.62465 157.025 164.145 153.222
148.137 6.19437 147.053 152.862 144.561
138.852 6.81774 135.171 141.403 133.931
129.543 7.49982 124.909 129.847 124.381
119.753 8.24614 115.014 118.281 114.7
108.703 9.06274 103.84 106.803 103.723
95.4457 9.95624 90.5811 95.5169 90.563
78.284 10.9339 76.8818 84.5292 76.8744
65.2736 12.0036 65.2797 73.9495 65.2736
63.8844 13.1741 55.0815 63.8844 55.077
