308.573 0.575 308.573 308.573
306.167 0.669174 306.892 304.962
302.868 0.772217 305.445 301.059
296.96 0.884964 297.468 296.845
290.216 1.00833 290.888 292.303
283.209 1.14331 281.821 287.412
275.499 1.29101 275.116 282.155
269.063 1.45261 268.769 276.512
262.756 1.62943 263.021 270.468
256.04 1.82291 256.835 264.005
249.027 2.0346 249.363 257.111
241.045 2.26623 242.543 249.773
232.875 2.51968 230.305 241.984
224.654 2.79699 216.993 233.74
215.609 3.10042 211.225 225.04
205.64 3.43243 203.213 215.892
195.098 3.7957 193.942 206.308
185.183 4.19318 185.115 196.308
175.593 4.62809 175.874 185.921
165.741 5.10396 165.876 175.184
155.104 5.62465 157.025 164.145
144.797 6.19437 147.053 152.862
133.971 6.81774 135.171 141.403
124.381 7.49982 124.909 129.847
114.7 8.24614 115.014 118.281
103.729 9.06274 103.84 106.803
90.8689 9.95624 90.5811 95.5169
76.8744 10.9339 76.8818 84.5292
65.2736 12.0036 65.2797 73.9495
60.9585 13.1741 55.0815 63.8844
