Learn rate: 1e-07, iterations: 10
308.573 0.575 308.573 308.573
306.865 0.669174 306.892 304.962
304.488 0.772217 305.445 301.059
298.501 0.884964 297.468 296.845
291.221 1.00833 290.888 292.303
284.255 1.14331 281.821 287.412
276.932 1.29101 275.116 282.155
269.965 1.45261 268.769 276.512
263.185 1.62943 263.021 270.468
255.522 1.82291 256.835 264.005
246.464 2.0346 249.363 257.111
239.211 2.26623 242.543 249.773
230.9 2.51968 230.305 241.984
221.183 2.79699 216.993 233.74
212.181 3.10042 211.225 225.04
202.624 3.43243 203.213 215.892
194.048 3.7957 193.942 206.308
186.162 4.19318 185.115 196.308
176.279 4.62809 175.874 185.921
165.625 5.10396 165.876 175.184
155.562 5.62465 157.025 164.145
146.135 6.19437 147.053 152.862
134.755 6.81774 135.171 141.403
124.86 7.49982 124.909 129.847
115.727 8.24614 115.014 118.281
104.926 9.06274 103.84 106.803
90.8037 9.95624 90.5811 95.5169
76.8744 10.9339 76.8818 84.5292
65.2748 12.0036 65.2797 73.9495
55.077 13.1741 55.0815 63.8844
