Learn rate: 1e-07, iterations: 10
308.573 0.575 308.573 308.573
306.931 0.669174 306.892 304.962
304.623 0.772217 305.445 301.059
297.989 0.884964 297.468 296.845
292.141 1.00833 290.888 292.303
283.824 1.14331 281.821 287.412
277.069 1.29101 275.116 282.155
270.689 1.45261 268.769 276.512
262.375 1.62943 263.021 270.468
255.021 1.82291 256.835 264.005
247.503 2.0346 249.363 257.111
238.204 2.26623 242.543 249.773
230.886 2.51968 230.305 241.984
220.777 2.79699 216.993 233.74
211.85 3.10042 211.225 225.04
201.613 3.43243 203.213 215.892
193.084 3.7957 193.942 206.308
183.294 4.19318 185.115 196.308
173.613 4.62809 175.874 185.921
164.489 5.10396 165.876 175.184
156.127 5.62465 157.025 164.145
147.338 6.19437 147.053 152.862
136.257 6.81774 135.171 141.403
126.102 7.49982 124.909 129.847
116.617 8.24614 115.014 118.281
105.856 9.06274 103.84 106.803
90.7794 9.95624 90.5811 95.5169
77.0992 10.9339 76.8818 84.5292
65.4586 12.0036 65.2797 73.9495
55.0804 13.1741 55.0815 63.8844
