Learn rate: 1e-07, iterations: 10
295.118 0.575 295.118 295.118
293.418 0.669174 292.364 291.665
289.624 0.772217 287.379 287.932
284.25 0.884964 282.934 283.902
277.618 1.00833 277.71 279.558
270.691 1.14331 271.057 274.881
263.875 1.29101 264.035 269.852
257.674 1.45261 258.604 264.456
250.422 1.62943 252.728 258.675
241.317 1.82291 243.371 252.494
233.615 2.0346 234.646 245.9
227.262 2.26623 230.64 238.882
221.529 2.51968 224.292 231.433
214.908 2.79699 216.001 223.548
208.416 3.10042 208.923 215.228
201.703 3.43243 201.866 206.479
193.925 3.7957 193.556 197.313
186.337 4.19318 186.088 187.749
176.004 4.62809 175.326 177.814
167.073 5.10396 166.544 167.546
157.253 5.62465 156.808 156.988
147.03 6.19437 146.388 146.197
135.988 6.81774 135.366 135.238
124.999 7.49982 124.539 124.185
114.173 8.24614 113.658 113.124
103.001 9.06274 102.471 102.147
90.5231 9.95624 90.2439 91.3521
76.691 10.9339 76.6963 80.8435
64.2127 12.0036 64.216 70.7252
54.1988 13.1741 54.2013 61.0989
