Learn rate: 1e-07, iterations: 10
308.573 0.575 308.573 308.573
307.397 0.669174 306.892 304.962
302.917 0.772217 305.445 301.059
297.577 0.884964 297.468 296.845
290.9 1.00833 290.888 292.303
284.056 1.14331 281.821 287.412
277.23 1.29101 275.116 282.155
270.322 1.45261 268.769 276.512
263.306 1.62943 263.021 270.468
255.556 1.82291 256.835 264.005
247.611 2.0346 249.363 257.111
239.462 2.26623 242.543 249.773
230.417 2.51968 230.305 241.984
220.62 2.79699 216.993 233.74
212.582 3.10042 211.225 225.04
201.447 3.43243 203.213 215.892
192.742 3.7957 193.942 206.308
183.569 4.19318 185.115 196.308
173.631 4.62809 175.874 185.921
164.697 5.10396 165.876 175.184
154.768 5.62465 157.025 164.145
145.784 6.19437 147.053 152.862
134.193 6.81774 135.171 141.403
124.497 7.49982 124.909 129.847
114.815 8.24614 115.014 118.281
103.84 9.06274 103.84 106.803
90.6393 9.95624 90.5811 95.5169
77.075 10.9339 76.8818 84.5292
65.3125 12.0036 65.2797 73.9495
55.077 13.1741 55.0815 63.8844
