308.573 0.575 308.573 308.573 258.111
307.603 0.669174 306.892 304.962 255.914
297.884 0.772217 305.445 301.059 253.555
292.693 0.884964 297.468 296.845 250.976
287.883 1.00833 290.888 292.303 247.852
282.177 1.14331 281.821 287.412 245.107
275.151 1.29101 275.116 282.155 240.964
267.59 1.45261 268.769 276.512 236.964
259.408 1.62943 263.021 270.468 232.985
251.332 1.82291 256.835 264.005 228.549
242.301 2.0346 249.363 257.111 223.723
232.97 2.26623 242.543 249.773 218.632
223.378 2.51968 230.305 241.984 212.459
213.626 2.79699 216.993 233.74 206.405
206.126 3.10042 211.225 225.04 199.914
199.505 3.43243 203.213 215.892 193.137
190.234 3.7957 193.942 206.308 185.825
179.42 4.19318 185.115 196.308 178.002
169.998 4.62809 175.874 185.921 169.647
161.695 5.10396 165.876 175.184 161.354
153.56 5.62465 157.025 164.145 153.222
144.895 6.19437 147.053 152.862 144.561
134.259 6.81774 135.171 141.403 133.931
124.705 7.49982 124.909 129.847 124.381
115.021 8.24614 115.014 118.281 114.7
104.04 9.06274 103.84 106.803 103.723
90.761 9.95624 90.5811 95.5169 90.563
76.9027 10.9339 76.8818 84.5292 76.8744
65.2736 12.0036 65.2797 73.9495 65.2736
63.8844 13.1741 55.0815 63.8844 55.077
