Learn rate: 1e-07, iterations: 10
308.573 0.575 308.573 308.573
306.906 0.669174 306.892 304.962
304.862 0.772217 305.445 301.059
298.553 0.884964 297.468 296.845
290.276 1.00833 290.888 292.303
282.076 1.14331 281.821 287.412
275.727 1.29101 275.116 282.155
269.392 1.45261 268.769 276.512
262.374 1.62943 263.021 270.468
256.014 1.82291 256.835 264.005
248.97 2.0346 249.363 257.111
241.235 2.26623 242.543 249.773
229.718 2.51968 230.305 241.984
219.983 2.79699 216.993 233.74
210.961 3.10042 211.225 225.04
202.416 3.43243 203.213 215.892
194.369 3.7957 193.942 206.308
185.011 4.19318 185.115 196.308
176.182 4.62809 175.874 185.921
165.82 5.10396 165.876 175.184
156.902 5.62465 157.025 164.145
146.58 6.19437 147.053 152.862
135.652 6.81774 135.171 141.403
124.854 7.49982 124.909 129.847
114.826 8.24614 115.014 118.281
103.858 9.06274 103.84 106.803
90.7132 9.95624 90.5811 95.5169
77.0581 10.9339 76.8818 84.5292
65.6008 12.0036 65.2797 73.9495
55.9456 13.1741 55.0815 63.8844
