Learn rate: 1e-07, iterations: 10
308.573 0.575 308.573 308.573
307.015 0.669174 306.892 304.962
304.269 0.772217 305.445 301.059
298.181 0.884964 297.468 296.845
291.232 1.00833 290.888 292.303
283.932 1.14331 281.821 287.412
277.887 1.29101 275.116 282.155
270.064 1.45261 268.769 276.512
263.193 1.62943 263.021 270.468
255.436 1.82291 256.835 264.005
248.009 2.0346 249.363 257.111
239.659 2.26623 242.543 249.773
230.132 2.51968 230.305 241.984
222.74 2.79699 216.993 233.74
211.456 3.10042 211.225 225.04
202.96 3.43243 203.213 215.892
192.791 3.7957 193.942 206.308
184.02 4.19318 185.115 196.308
172.858 4.62809 175.874 185.921
164.67 5.10396 165.876 175.184
156.551 5.62465 157.025 164.145
147.405 6.19437 147.053 152.862
137.133 6.81774 135.171 141.403
125.467 7.49982 124.909 129.847
115.33 8.24614 115.014 118.281
104.679 9.06274 103.84 106.803
91.0089 9.95624 90.5811 95.5169
77.5022 10.9339 76.8818 84.5292
65.5466 12.0036 65.2797 73.9495
55.077 13.1741 55.0815 63.8844
