Learn rate: 1e-07, iterations: 10
289.534 0.575 289.534 289.534
283.996 0.669174 283.823 286.146
273.266 0.772217 274.134 282.484
268.422 0.884964 263.142 278.53
265.156 1.00833 259.644 274.268
261.609 1.14331 257.081 269.679
257.996 1.29101 254.252 264.746
253.49 1.45261 251.275 259.452
249.175 1.62943 243.302 253.78
243.489 1.82291 234.678 247.716
237.714 2.0346 235.213 241.247
232.256 2.26623 238.995 234.362
226.677 2.51968 233.637 227.054
219.382 2.79699 235.648 219.318
212.435 3.10042 226.372 211.156
202.833 3.43243 214.906 202.572
194.489 3.7957 204.605 193.579
186.35 4.19318 199.687 184.196
176.322 4.62809 181.645 174.45
165.296 5.10396 175.633 164.375
158.077 5.62465 163.146 154.018
151.315 6.19437 146.677 143.431
142.368 6.81774 137.067 132.679
128.258 7.49982 126.154 121.835
118.46 8.24614 116.349 110.983
109.326 9.06274 107.151 100.214
96.6353 9.95624 96.4514 89.6236
85.8616 10.9339 85.9894 79.3138
75.6018 12.0036 75.6635 69.3869
63.141 13.1741 63.15 59.9428
