Learn rate: 1e-07, iterations: 10
308.573 0.575 308.573 308.573
307.523 0.669174 306.892 304.962
303.211 0.772217 305.445 301.059
297.448 0.884964 297.468 296.845
290.46 1.00833 290.888 292.303
283.801 1.14331 281.821 287.412
277.439 1.29101 275.116 282.155
270.136 1.45261 268.769 276.512
262.916 1.62943 263.021 270.468
256.038 1.82291 256.835 264.005
247.022 2.0346 249.363 257.111
239.949 2.26623 242.543 249.773
230.932 2.51968 230.305 241.984
221.127 2.79699 216.993 233.74
212.025 3.10042 211.225 225.04
203.491 3.43243 203.213 215.892
193.319 3.7957 193.942 206.308
184.194 4.19318 185.115 196.308
174.269 4.62809 175.874 185.921
163.261 5.10396 165.876 175.184
155.299 5.62465 157.025 164.145
146.496 6.19437 147.053 152.862
136.257 6.81774 135.171 141.403
126.533 7.49982 124.909 129.847
117.393 8.24614 115.014 118.281
106.76 9.06274 103.84 106.803
90.822 9.95624 90.5811 95.5169
76.9572 10.9339 76.8818 84.5292
65.2736 12.0036 65.2797 73.9495
55.077 13.1741 55.0815 63.8844
