308.573 0.575 308.573 308.573
306.491 0.669174 306.892 304.962
303.306 0.772217 305.445 301.059
297.414 0.884964 297.468 296.845
290.866 1.00833 290.888 292.303
283.739 1.14331 281.821 287.412
276.353 1.29101 275.116 282.155
269.518 1.45261 268.769 276.512
262.734 1.62943 263.021 270.468
255.558 1.82291 256.835 264.005
248.102 2.0346 249.363 257.111
239.905 2.26623 242.543 249.773
231.49 2.51968 230.305 241.984
222.78 2.79699 216.993 233.74
213.692 3.10042 211.225 225.04
204.046 3.43243 203.213 215.892
194.149 3.7957 193.942 206.308
184.647 4.19318 185.115 196.308
175.234 4.62809 175.874 185.921
165.798 5.10396 165.876 175.184
155.623 5.62465 157.025 164.145
145.459 6.19437 147.053 152.862
134.608 6.81774 135.171 141.403
124.748 7.49982 124.909 129.847
114.965 8.24614 115.014 118.281
104.255 9.06274 103.84 106.803
91.3951 9.95624 90.5811 95.5169
76.8744 10.9339 76.8818 84.5292
65.2736 12.0036 65.2797 73.9495
62.2636 13.1741 55.0815 63.8844
