308.573 0.575 308.573 308.573
306.894 0.669174 306.892 304.962
304.062 0.772217 305.445 301.059
298.664 0.884964 297.468 296.845
292.216 1.00833 290.888 292.303
285.625 1.14331 281.821 287.412
279.329 1.29101 275.116 282.155
271.514 1.45261 268.769 276.512
262.899 1.62943 263.021 270.468
254.016 1.82291 256.835 264.005
244.951 2.0346 249.363 257.111
236.192 2.26623 242.543 249.773
226.801 2.51968 230.305 241.984
216.879 2.79699 216.993 233.74
207.467 3.10042 211.225 225.04
198.956 3.43243 203.213 215.892
191.554 3.7957 193.942 206.308
183.08 4.19318 185.115 196.308
173.823 4.62809 175.874 185.921
165.076 5.10396 165.876 175.184
156.586 5.62465 157.025 164.145
146.645 6.19437 147.053 152.862
136.068 6.81774 135.171 141.403
126.622 7.49982 124.909 129.847
116.61 8.24614 115.014 118.281
105.025 9.06274 103.84 106.803
91.1932 9.95624 90.5811 95.5169
81.3036 10.9339 76.8818 84.5292
76.9456 12.0036 65.2797 73.9495
65.8477 13.1741 55.0815 63.8844
