Learn rate: 1e-07, iterations: 10
308.573 0.575 308.573 308.573
307.116 0.669174 306.892 304.962
304.098 0.772217 305.445 301.059
298.879 0.884964 297.468 296.845
291.475 1.00833 290.888 292.303
284.245 1.14331 281.821 287.412
276.589 1.29101 275.116 282.155
269.981 1.45261 268.769 276.512
262.845 1.62943 263.021 270.468
254.8 1.82291 256.835 264.005
247.06 2.0346 249.363 257.111
238.628 2.26623 242.543 249.773
230.427 2.51968 230.305 241.984
221.755 2.79699 216.993 233.74
211.97 3.10042 211.225 225.04
203.293 3.43243 203.213 215.892
192.597 3.7957 193.942 206.308
183.663 4.19318 185.115 196.308
174.194 4.62809 175.874 185.921
165.278 5.10396 165.876 175.184
155.484 5.62465 157.025 164.145
146.121 6.19437 147.053 152.862
135.473 6.81774 135.171 141.403
125.907 7.49982 124.909 129.847
116.454 8.24614 115.014 118.281
105.819 9.06274 103.84 106.803
90.7462 9.95624 90.5811 95.5169
77.0307 10.9339 76.8818 84.5292
65.2736 12.0036 65.2797 73.9495
55.077 13.1741 55.0815 63.8844
