Learn rate: 1e-07, iterations: 10
289.534 0.575 289.534 289.534
284.091 0.669174 283.823 286.146
272.647 0.772217 274.134 282.484
269.786 0.884964 263.142 278.53
266.47 1.00833 259.644 274.268
262.792 1.14331 257.081 269.679
260.417 1.29101 254.252 264.746
254.724 1.45261 251.275 259.452
250.232 1.62943 243.302 253.78
244.567 1.82291 234.678 247.716
238.682 2.0346 235.213 241.247
231.918 2.26623 238.995 234.362
227.366 2.51968 233.637 227.054
218.348 2.79699 235.648 219.318
212.13 3.10042 226.372 211.156
201.158 3.43243 214.906 202.572
192.125 3.7957 204.605 193.579
182.258 4.19318 199.687 184.196
172.488 4.62809 181.645 174.45
163.375 5.10396 175.633 164.375
155.669 5.62465 163.146 154.018
145.491 6.19437 146.677 143.431
136.652 6.81774 137.067 132.679
126.347 7.49982 126.154 121.835
116.815 8.24614 116.349 110.983
107.014 9.06274 107.151 100.214
96.6807 9.95624 96.4514 89.6236
85.9808 10.9339 85.9894 79.3138
75.6096 12.0036 75.6635 69.3869
63.141 13.1741 63.15 59.9428
