Learn rate: 1e-07, iterations: 10
308.573 0.575 308.573 308.573
307.036 0.669174 306.892 304.962
304.498 0.772217 305.445 301.059
297.775 0.884964 297.468 296.845
292.525 1.00833 290.888 292.303
283.367 1.14331 281.821 287.412
277.439 1.29101 275.116 282.155
269.546 1.45261 268.769 276.512
262.739 1.62943 263.021 270.468
254.518 1.82291 256.835 264.005
246.304 2.0346 249.363 257.111
238.464 2.26623 242.543 249.773
229.502 2.51968 230.305 241.984
221.266 2.79699 216.993 233.74
211.826 3.10042 211.225 225.04
203.071 3.43243 203.213 215.892
194.226 3.7957 193.942 206.308
184.703 4.19318 185.115 196.308
174.546 4.62809 175.874 185.921
163.162 5.10396 165.876 175.184
154.738 5.62465 157.025 164.145
146.312 6.19437 147.053 152.862
135.886 6.81774 135.171 141.403
125.023 7.49982 124.909 129.847
115.676 8.24614 115.014 118.281
105.183 9.06274 103.84 106.803
90.7155 9.95624 90.5811 95.5169
76.9732 10.9339 76.8818 84.5292
65.3347 12.0036 65.2797 73.9495
55.077 13.1741 55.0815 63.8844
