Learn rate: 1e-07, iterations: 10
289.534 0.575 289.534 289.534
283.692 0.669174 283.823 286.146
274.363 0.772217 274.134 282.484
269.999 0.884964 263.142 278.53
265.787 1.00833 259.644 274.268
261.696 1.14331 257.081 269.679
257.776 1.29101 254.252 264.746
253.096 1.45261 251.275 259.452
247.853 1.62943 243.302 253.78
241.703 1.82291 234.678 247.716
236.554 2.0346 235.213 241.247
230.165 2.26623 238.995 234.362
224.336 2.51968 233.637 227.054
217.731 2.79699 235.648 219.318
209.742 3.10042 226.372 211.156
200.558 3.43243 214.906 202.572
190.612 3.7957 204.605 193.579
182.151 4.19318 199.687 184.196
171.86 4.62809 181.645 174.45
162.382 5.10396 175.633 164.375
154.657 5.62465 163.146 154.018
144.53 6.19437 146.677 143.431
135.622 6.81774 137.067 132.679
125.523 7.49982 126.154 121.835
115.871 8.24614 116.349 110.983
106.022 9.06274 107.151 100.214
96.1059 9.95624 96.4514 89.6236
85.9269 10.9339 85.9894 79.3138
75.6296 12.0036 75.6635 69.3869
63.141 13.1741 63.15 59.9428
