Learn rate: 1e-07, iterations: 10
295.118 0.575 295.118 295.118
293.323 0.669174 292.364 291.665
286.929 0.772217 287.379 287.932
282.26 0.884964 282.934 283.902
277.436 1.00833 277.71 279.558
271.247 1.14331 271.057 274.881
265.677 1.29101 264.035 269.852
259.506 1.45261 258.604 264.456
252.501 1.62943 252.728 258.675
245.537 1.82291 243.371 252.494
236.5 2.0346 234.646 245.9
228.38 2.26623 230.64 238.882
221.113 2.51968 224.292 231.433
214.482 2.79699 216.001 223.548
207.788 3.10042 208.923 215.228
201.097 3.43243 201.866 206.479
193.312 3.7957 193.556 197.313
185.697 4.19318 186.088 187.749
175.38 4.62809 175.326 177.814
166.605 5.10396 166.544 167.546
156.773 5.62465 156.808 156.988
146.526 6.19437 146.388 146.197
135.475 6.81774 135.366 135.238
124.608 7.49982 124.539 124.185
113.8 8.24614 113.658 113.124
102.614 9.06274 102.471 102.147
90.3277 9.95624 90.2439 91.3521
76.7306 10.9339 76.6963 80.8435
64.2359 12.0036 64.216 70.7252
54.1988 13.1741 54.2013 61.0989
