Learn rate: 1e-07, iterations: 10
308.573 0.575 308.573 308.573
306.754 0.669174 306.892 304.962
303.888 0.772217 305.445 301.059
299.189 0.884964 297.468 296.845
292.539 1.00833 290.888 292.303
284.232 1.14331 281.821 287.412
278.267 1.29101 275.116 282.155
270.574 1.45261 268.769 276.512
263.147 1.62943 263.021 270.468
255.156 1.82291 256.835 264.005
245.901 2.0346 249.363 257.111
238.66 2.26623 242.543 249.773
229.763 2.51968 230.305 241.984
219.93 2.79699 216.993 233.74
210.961 3.10042 211.225 225.04
201.116 3.43243 203.213 215.892
192.121 3.7957 193.942 206.308
183.365 4.19318 185.115 196.308
175.821 4.62809 175.874 185.921
166.128 5.10396 165.876 175.184
154.763 5.62465 157.025 164.145
146.086 6.19437 147.053 152.862
135.246 6.81774 135.171 141.403
124.915 7.49982 124.909 129.847
115.331 8.24614 115.014 118.281
104.648 9.06274 103.84 106.803
91.0192 9.95624 90.5811 95.5169
76.9847 10.9339 76.8818 84.5292
65.2875 12.0036 65.2797 73.9495
55.077 13.1741 55.0815 63.8844
